{
 "cells": [
  {
   "cell_type": "code",
   "execution_count": 130,
   "metadata": {
    "scrolled": true
   },
   "outputs": [],
   "source": [
    "import matplotlib as mpl\n",
    "import matplotlib.pyplot as plt\n",
    "from MiningMinima import *"
   ]
  },
  {
   "cell_type": "markdown",
   "metadata": {},
   "source": [
    "# Developing subroutine to extract function derivative evaluations"
   ]
  },
  {
   "cell_type": "code",
   "execution_count": 131,
   "metadata": {},
   "outputs": [
    {
     "name": "stdout",
     "output_type": "stream",
     "text": [
      "\u001b[0m\u001b[01;32mMiningMinima.py\u001b[0m*          \u001b[01;32mfind_minimum.py\u001b[0m*   \u001b[01;32mmode_scan.pyc\u001b[0m*\r\n",
      "\u001b[01;32mMiningMinima.pyc\u001b[0m*         \u001b[01;32mga_uc_turner.pdb\u001b[0m*  \u001b[01;32mnew_min_and_hess_devel.ipynb\u001b[0m*\r\n",
      "\u001b[01;32mROSETTA_CRASH.log\u001b[0m*        \u001b[01;32mgg_ac.pdb\u001b[0m*         \u001b[01;32mnew_rigid_body.py\u001b[0m*\r\n",
      "\u001b[01;32mS_0.pdb\u001b[0m*                  \u001b[01;32mgga_gac.pdb\u001b[0m*       \u001b[01;32mpose_setup.py\u001b[0m*\r\n",
      "\u001b[01;32mS_1.pdb\u001b[0m*                  \u001b[01;32mhessian.py\u001b[0m*        \u001b[01;32mpose_setup.pyc\u001b[0m*\r\n",
      "\u001b[01;32mUntitled1.ipynb\u001b[0m*          \u001b[01;32mhessian.pyc\u001b[0m*       \u001b[01;32mrb_mm_movers.py\u001b[0m*\r\n",
      "\u001b[01;32mUntitled2.ipynb\u001b[0m*          \u001b[01;32mhist_list.txt\u001b[0m*     \u001b[01;32mrigid_body.py\u001b[0m*\r\n",
      "\u001b[01;32mcalc_hessian_at_min.py\u001b[0m*   \u001b[01;32mmm.py\u001b[0m*             \u001b[01;32mutil.py\u001b[0m*\r\n",
      "\u001b[01;32mcalc_hessian_at_min.pyc\u001b[0m*  \u001b[01;32mmode_scan.py\u001b[0m*\r\n"
     ]
    }
   ],
   "source": [
    "%ls"
   ]
  },
  {
   "cell_type": "code",
   "execution_count": 610,
   "metadata": {
    "scrolled": true
   },
   "outputs": [
    {
     "name": "stdout",
     "output_type": "stream",
     "text": [
      "True\n",
      "True\n"
     ]
    }
   ],
   "source": [
    "# use mm object to get stuff \n",
    "seq1, seq2 = 'gga', 'ucc'\n",
    "mm_sim = MiningMinima(seq1,seq2, scorefxn='stepwise/rna/turner_new')"
   ]
  },
  {
   "cell_type": "code",
   "execution_count": 611,
   "metadata": {},
   "outputs": [
    {
     "name": "stdout",
     "output_type": "stream",
     "text": [
      "[[  2.74429557e+00   3.35623424e+00   2.72076549e+00  -7.08980384e+00\n",
      "    1.24105051e+00  -7.69471169e+00   3.98974946e+00  -6.50119111e+00\n",
      "    2.61301081e+00   1.67994609e-01   4.72311742e+00   2.34475550e-01\n",
      "   -4.61508691e+00  -3.63109659e-02   1.30625937e+00  -1.04520363e+01\n",
      "    4.12814104e+00  -1.11098094e+01   5.53821695e+00  -1.02523803e+01\n",
      "   -1.87896686e-01   8.77357405e-01   7.45455338e+00  -3.35887379e+00\n",
      "    4.76967156e+00  -4.75340851e+00]\n",
      " [  3.35623424e+00   6.56974834e+00   5.46080093e+00  -1.42502234e+01\n",
      "    5.94520551e+00  -1.52865807e+01   9.72838461e+00  -1.30710673e+01\n",
      "    3.91776285e+00   3.30774068e+00   1.06257840e+01  -1.24935622e-01\n",
      "   -5.64700546e+00  -3.03863777e-01   3.09362119e+00  -2.19968694e+01\n",
      "    1.06708662e+01  -2.12302073e+01   1.49399678e+01  -2.10700368e+01\n",
      "    1.30510721e+00   4.27991676e+00   1.85760780e+01  -2.13707485e+00\n",
      "    8.41328727e+00  -5.41289700e+00]\n",
      " [  2.72076549e+00   5.46080093e+00   9.96330019e+00  -1.25298128e+01\n",
      "    1.51000288e+01  -1.48183903e+01   1.36720984e+01  -1.11569131e+01\n",
      "    1.51139994e+00   9.13956126e+00   1.39810641e+01   1.34640128e+00\n",
      "   -5.92697236e-01  -3.47459485e-02   4.96033184e+00  -2.30691031e+01\n",
      "    1.68574898e+01  -2.13640788e+01   2.04300448e+01  -2.14350234e+01\n",
      "    2.09178440e+00   1.14148442e+01   2.40136833e+01   6.04755558e+00\n",
      "    7.92531885e+00  -1.78218019e-02]\n",
      " [ -7.08980384e+00  -1.42502234e+01  -1.25298128e+01   4.36732462e+01\n",
      "   -1.38892111e+01   4.05234618e+01  -2.49847044e+01   3.95909949e+01\n",
      "   -1.00543444e+01   8.71978895e-01  -2.77302196e+01  -2.33171047e-01\n",
      "    2.10903498e+01  -4.37109261e-01  -9.08147982e+00   5.80568930e+01\n",
      "   -2.88066850e+01   5.35483188e+01  -3.73941369e+01   5.57774302e+01\n",
      "   -1.71986324e+00  -2.41846829e+00  -4.75549578e+01   1.26337354e+01\n",
      "   -2.30283830e+01   1.66530783e+01]\n",
      " [  1.24105051e+00   5.94520551e+00   1.51000288e+01  -1.38892111e+01\n",
      "    3.37702330e+01  -1.78163940e+01   1.81195799e+01  -1.17618371e+01\n",
      "   -9.77553355e+00   2.00817751e+01   1.57945814e+01   8.06320198e-01\n",
      "    6.78172656e+00   4.59518047e-02   8.10492287e+00  -3.31547492e+01\n",
      "    3.37176812e+01  -2.86953710e+01   3.48024068e+01  -2.98817474e+01\n",
      "    5.67253326e-02   2.62969029e+01   4.01269871e+01   2.12956233e+01\n",
      "    1.29288558e+01   8.33621234e+00]\n",
      " [ -7.69471169e+00  -1.52865807e+01  -1.48183903e+01   4.05234618e+01\n",
      "   -1.78163940e+01   4.37207231e+01  -2.79881638e+01   3.69383002e+01\n",
      "   -1.14038833e+01  -1.19906140e+01  -2.97304130e+01   9.00838543e-02\n",
      "    1.28476091e+01   2.79124872e-01  -9.30724823e+00   5.72745858e+01\n",
      "   -2.71578521e+01   5.41305705e+01  -4.22476884e+01   5.44756436e+01\n",
      "   -8.34229728e+00  -1.23461136e+01  -5.09923515e+01   3.13716311e+00\n",
      "   -1.81644238e+01   1.13771123e+01]\n",
      " [  3.98974946e+00   9.72838461e+00   1.36720984e+01  -2.49847044e+01\n",
      "    1.81195799e+01  -2.79881638e+01   2.99995539e+01  -2.29908033e+01\n",
      "    1.39519213e+01   1.31938993e+01   3.12577094e+01   2.09149043e+00\n",
      "   -1.98832274e+00  -8.87547238e-02   8.04506961e+00  -3.76724327e+01\n",
      "    1.72236934e+01  -3.36541880e+01   3.41019014e+01  -3.51439372e+01\n",
      "    1.41796847e+01   1.14069444e+01   3.84058378e+01   3.69771272e+00\n",
      "    5.22629934e+00  -1.46355169e+00]\n",
      " [ -6.50119111e+00  -1.30710673e+01  -1.11569131e+01   3.95909949e+01\n",
      "   -1.17618371e+01   3.69383002e+01  -2.29908033e+01   3.60932331e+01\n",
      "   -1.02514572e+01   8.21585605e-01  -2.55033467e+01  -1.67945995e-01\n",
      "    1.88737837e+01  -3.01169963e-01  -8.07377662e+00   5.19942435e+01\n",
      "   -2.44049516e+01   4.79425261e+01  -3.34889788e+01   4.99906771e+01\n",
      "   -2.84932796e+00  -1.33706923e+00  -4.23979455e+01   1.21415637e+01\n",
      "   -1.97143849e+01   1.52147064e+01]\n",
      " [  2.61301081e+00   3.91776285e+00   1.51139994e+00  -1.00543444e+01\n",
      "   -9.77553355e+00  -1.14038833e+01   1.39519213e+01  -1.02514572e+01\n",
      "    2.27758299e+01  -7.58546833e-01   1.62784593e+01   1.66344411e+00\n",
      "   -4.32944587e+00  -1.42847094e-01   1.46569028e+00  -5.51344590e+00\n",
      "   -1.43632422e+01  -5.69403136e+00   3.80528569e+00  -5.76710567e+00\n",
      "    1.73883402e+01  -9.71252234e+00   2.37186784e+00  -1.21315804e+01\n",
      "   -9.75805026e+00  -6.23106129e+00]\n",
      " [  1.67994609e-01   3.30774068e+00   9.13956126e+00   8.71978895e-01\n",
      "    2.00817751e+01  -1.19906140e+01   1.31938993e+01   8.21585605e-01\n",
      "   -7.58546833e-01   3.35140177e+01   1.04423819e+01  -2.01389058e-01\n",
      "    2.09648337e+01  -6.86229426e-01   4.00843138e+00  -1.05504289e+01\n",
      "    9.59091168e+00  -1.02563096e+01   2.42809475e+01  -8.01524423e+00\n",
      "    1.50561431e+01   2.97034418e+01   2.31291946e+01   2.83872652e+01\n",
      "   -6.52123188e+00   1.56006607e+01]\n",
      " [  4.72311742e+00   1.06257840e+01   1.39810641e+01  -2.77302196e+01\n",
      "    1.57945814e+01  -2.97304130e+01   3.12577094e+01  -2.55033467e+01\n",
      "    1.62784593e+01   1.04423819e+01   3.39523035e+01   2.53370913e+00\n",
      "   -5.30182270e+00  -1.00359316e-01   7.82099338e+00  -4.05561358e+01\n",
      "    1.79145962e+01  -3.66324617e+01   3.40763651e+01  -3.81434966e+01\n",
      "    1.26513121e+01   9.40780451e+00   3.91736924e+01   4.70526453e-01\n",
      "    7.61859747e+00  -4.22216035e+00]\n",
      " [  2.34475550e-01  -1.24935622e-01   1.34640128e+00  -2.33171047e-01\n",
      "    8.06320198e-01   9.00838543e-02   2.09149043e+00  -1.67945995e-01\n",
      "    1.66344411e+00  -2.01389058e-01   2.53370913e+00   2.61998299e+00\n",
      "   -7.61091316e-02   2.48522608e+00   1.77359371e+00  -3.73214851e+00\n",
      "   -2.24715768e+00  -4.72988739e+00   2.34724802e+00  -4.06193557e+00\n",
      "    5.62139972e+00  -4.15823453e+00   2.16572258e+00  -5.94034418e+00\n",
      "   -2.37296124e+00  -2.82014698e+00]\n",
      " [ -4.61508691e+00  -5.64700546e+00  -5.92697236e-01   2.10903498e+01\n",
      "    6.78172656e+00   1.28476091e+01  -1.98832274e+00   1.88737837e+01\n",
      "   -4.32944587e+00   2.09648337e+01  -5.30182270e+00  -7.61091316e-02\n",
      "    2.53086336e+01  -4.11268952e-01  -1.33489459e+00   2.25434242e+01\n",
      "   -9.40338374e+00   2.24899864e+01  -1.75527354e+00   2.32924668e+01\n",
      "    1.20226348e+01   1.54431314e+01  -8.09616363e+00   2.40691858e+01\n",
      "   -1.84793222e+01   1.99228524e+01]\n",
      " [ -3.63109659e-02  -3.03863777e-01  -3.47459485e-02  -4.37109261e-01\n",
      "    4.59518047e-02   2.79124872e-01  -8.87547238e-02  -3.01169963e-01\n",
      "   -1.42847094e-01  -6.86229426e-01  -1.00359316e-01   2.48522608e+00\n",
      "   -4.11268952e-01   5.02484383e+00   3.32657736e+00  -5.79388471e+00\n",
      "   -2.03567892e+00  -8.70376191e+00   3.50184408e+00  -6.34439750e+00\n",
      "    7.87103397e+00  -3.86271624e+00   3.23780638e+00  -8.05980879e+00\n",
      "   -3.46306812e+00  -5.19379375e+00]\n",
      " [  1.30625937e+00   3.09362119e+00   4.96033184e+00  -9.08147982e+00\n",
      "    8.10492287e+00  -9.30724823e+00   8.04506961e+00  -8.07377662e+00\n",
      "    1.46569028e+00   4.00843138e+00   7.82099338e+00   1.77359371e+00\n",
      "   -1.33489459e+00   3.32657736e+00   1.21454005e+01  -1.93557809e+01\n",
      "    1.98368329e+01  -2.08074619e+01   2.08085194e+01  -1.79474787e+01\n",
      "    6.02115872e+00   1.09523336e+01   2.44441432e+01   3.07526923e+00\n",
      "    5.79920082e+00  -2.10789234e+00]\n",
      " [ -1.04520363e+01  -2.19968694e+01  -2.30691031e+01   5.80568930e+01\n",
      "   -3.31547492e+01   5.72745858e+01  -3.76724327e+01   5.19942435e+01\n",
      "   -5.51344590e+00  -1.05504289e+01  -4.05561358e+01  -3.73214851e+00\n",
      "    2.25434242e+01  -5.79388471e+00  -1.93557809e+01   1.07607442e+02\n",
      "   -5.37392034e+01   1.04993292e+02  -7.18724074e+01   1.02483924e+02\n",
      "   -1.06914818e+01  -1.84716598e+01  -8.76627252e+01   1.42924211e+01\n",
      "   -3.40702825e+01   2.41953356e+01]\n",
      " [  4.12814104e+00   1.06708662e+01   1.68574898e+01  -2.88066850e+01\n",
      "    3.37176812e+01  -2.71578521e+01   1.72236934e+01  -2.44049516e+01\n",
      "   -1.43632422e+01   9.59091168e+00   1.79145962e+01  -2.24715768e+00\n",
      "   -9.40338374e+00  -2.03567892e+00   1.98368329e+01  -5.37392034e+01\n",
      "    8.92994504e+01  -5.14062979e+01   4.85896001e+01  -4.77681590e+01\n",
      "   -3.81249802e+01   5.67812373e+01   6.46037209e+01   3.94356894e+01\n",
      "    4.90174373e+01   3.29527161e+00]\n",
      " [ -1.11098094e+01  -2.12302073e+01  -2.13640788e+01   5.35483188e+01\n",
      "   -2.86953710e+01   5.41305705e+01  -3.36541880e+01   4.79425261e+01\n",
      "   -5.69403136e+00  -1.02563096e+01  -3.66324617e+01  -4.72988739e+00\n",
      "    2.24899864e+01  -8.70376191e+00  -2.08074619e+01   1.04993292e+02\n",
      "   -5.14062979e+01   1.08762636e+02  -7.00875045e+01   1.00548391e+02\n",
      "   -1.34064858e+01  -2.35257658e+01  -8.49376277e+01   1.43104919e+01\n",
      "   -3.14555977e+01   2.68546621e+01]\n",
      " [  5.53821695e+00   1.49399678e+01   2.04300448e+01  -3.73941369e+01\n",
      "    3.48024068e+01  -4.22476884e+01   3.41019014e+01  -3.34889788e+01\n",
      "    3.80528569e+00   2.42809475e+01   3.40763651e+01   2.34724802e+00\n",
      "   -1.75527354e+00   3.50184408e+00   2.08085194e+01  -7.18724074e+01\n",
      "    4.85896001e+01  -7.00875045e+01   6.93705511e+01  -6.69029930e+01\n",
      "    2.05699795e+01   3.77027862e+01   7.92132378e+01   1.80450924e+01\n",
      "    1.74983947e+01   3.98484969e-02]\n",
      " [ -1.02523803e+01  -2.10700368e+01  -2.14350234e+01   5.57774302e+01\n",
      "   -2.98817474e+01   5.44756436e+01  -3.51439372e+01   4.99906771e+01\n",
      "   -5.76710567e+00  -8.01524423e+00  -3.81434966e+01  -4.06193557e+00\n",
      "    2.32924668e+01  -6.34439750e+00  -1.79474787e+01   1.02483924e+02\n",
      "   -4.77681590e+01   1.00548391e+02  -6.69029930e+01   9.83182379e+01\n",
      "   -1.16790744e+01  -1.24669656e+01  -8.18213176e+01   1.85773479e+01\n",
      "   -3.17444477e+01   2.54960879e+01]\n",
      " [ -1.87896686e-01   1.30510721e+00   2.09178440e+00  -1.71986324e+00\n",
      "    5.67253326e-02  -8.34229728e+00   1.41796847e+01  -2.84932796e+00\n",
      "    1.73883402e+01   1.50561431e+01   1.26513121e+01   5.62139972e+00\n",
      "    1.20226348e+01   7.87103397e+00   6.02115872e+00  -1.06914818e+01\n",
      "   -3.81249802e+01  -1.34064858e+01   2.05699795e+01  -1.16790744e+01\n",
      "    6.20863411e+01  -1.60021341e+01   1.31112252e+01  -1.81239540e+01\n",
      "   -3.64932770e+01  -2.13083062e-01]\n",
      " [  8.77357405e-01   4.27991676e+00   1.14148442e+01  -2.41846829e+00\n",
      "    2.62969029e+01  -1.23461136e+01   1.14069444e+01  -1.33706923e+00\n",
      "   -9.71252234e+00   2.97034418e+01   9.40780451e+00  -4.15823453e+00\n",
      "    1.54431314e+01  -3.86271624e+00   1.09523336e+01  -1.84716598e+01\n",
      "    5.67812373e+01  -2.35257658e+01   3.77027862e+01  -1.24669656e+01\n",
      "   -1.60021341e+01   8.17410979e+01   4.27471540e+01   7.03180836e+01\n",
      "    1.88610994e+01   2.49916772e+01]\n",
      " [  7.45455338e+00   1.85760780e+01   2.40136833e+01  -4.75549578e+01\n",
      "    4.01269871e+01  -5.09923515e+01   3.84058378e+01  -4.23979455e+01\n",
      "    2.37186784e+00   2.31291946e+01   3.91736924e+01   2.16572258e+00\n",
      "   -8.09616363e+00   3.23780638e+00   2.44441432e+01  -8.76627252e+01\n",
      "    6.46037209e+01  -8.49376277e+01   7.92132378e+01  -8.18213176e+01\n",
      "    1.31112252e+01   4.27471540e+01   9.34564838e+01   1.82314170e+01\n",
      "    3.02777881e+01  -4.37036795e+00]\n",
      " [ -3.35887379e+00  -2.13707485e+00   6.04755558e+00   1.26337354e+01\n",
      "    2.12956233e+01   3.13716311e+00   3.69771272e+00   1.21415637e+01\n",
      "   -1.21315804e+01   2.83872652e+01   4.70526453e-01  -5.94034418e+00\n",
      "    2.40691858e+01  -8.05980879e+00   3.07526923e+00   1.42924211e+01\n",
      "    3.94356894e+01   1.43104919e+01   1.80450924e+01   1.85773479e+01\n",
      "   -1.81239540e+01   7.03180836e+01   1.82314170e+01   7.62831860e+01\n",
      "    7.89315438e+00   3.75312542e+01]\n",
      " [  4.76967156e+00   8.41328727e+00   7.92531885e+00  -2.30283830e+01\n",
      "    1.29288558e+01  -1.81644238e+01   5.22629934e+00  -1.97143849e+01\n",
      "   -9.75805026e+00  -6.52123188e+00   7.61859747e+00  -2.37296124e+00\n",
      "   -1.84793222e+01  -3.46306812e+00   5.79920082e+00  -3.40702825e+01\n",
      "    4.90174373e+01  -3.14555977e+01   1.74983947e+01  -3.17444477e+01\n",
      "   -3.64932770e+01   1.88610994e+01   3.02777881e+01   7.89315438e+00\n",
      "    4.25930350e+01  -9.65468390e+00]\n",
      " [ -4.75340851e+00  -5.41289700e+00  -1.78218019e-02   1.66530783e+01\n",
      "    8.33621234e+00   1.13771123e+01  -1.46355169e+00   1.52147064e+01\n",
      "   -6.23106129e+00   1.56006607e+01  -4.22216035e+00  -2.82014698e+00\n",
      "    1.99228524e+01  -5.19379375e+00  -2.10789234e+00   2.41953356e+01\n",
      "    3.29527161e+00   2.68546621e+01   3.98484969e-02   2.54960879e+01\n",
      "   -2.13083062e-01   2.49916772e+01  -4.37036795e+00   3.75312542e+01\n",
      "   -9.65468390e+00   2.70383984e+01]]\n"
     ]
    }
   ],
   "source": [
    "print mm_sim.hessian"
   ]
  },
  {
   "cell_type": "code",
   "execution_count": 612,
   "metadata": {},
   "outputs": [
    {
     "name": "stdout",
     "output_type": "stream",
     "text": [
      "vector1_double[0.204236, 0.818335, 1.82066, -1.05552, 5.38445, -1.89297, 1.37709, -0.579835, -3.73109, 4.83277, 2.35129, 0.0289665, 2.56135, 0.0817805, 1.30417, -5.63551, 11.4594, -5.25188, 6.94324, -4.80557, -5.98501, 10.7529, 8.76755, 9.14961, 7.52379, 2.10211]\n"
     ]
    }
   ],
   "source": [
    "# get pose and scorefxn \n",
    "pose = protocols.recces.pose_setup_turner(seq1=seq1,seq2=seq2)\n",
    "scorefxn = core.scoring.ScoreFunctionFactory.create_score_function('stepwise/rna/turner_new')\n",
    "\n",
    "# set up movemap -- for now just get from the MM object -- and min map\n",
    "movemap = MoveMap()\n",
    "movemap.assign(mm_sim.movemap)  \n",
    "min_map = core.optimization.MinimizerMap()\n",
    "min_map.setup(pose,movemap)\n",
    "\n",
    "# set up min options\n",
    "min_options = core.optimization.MinimizerOptions(\n",
    "    'lbfgs_armijo_nonmonotone',1e-15,True,False,False)\n",
    "min_options.nblist_auto_update(True)\n",
    "# get scorefunction ready for minimization\n",
    "start_score = scorefxn(pose)\n",
    "pose.energies().set_use_nblist(pose,min_map.domain_map(),True)\n",
    "multifunc = core.optimization.AtomTreeMultifunc(pose,min_map,scorefxn)\n",
    "scorefxn.setup_for_minimizing(pose,min_map) # this is the key command\n",
    "scorefxn.setup_for_derivatives(pose)\n",
    "\n",
    "min_dofs = Vector1([0.0]*min_map.nangles())\n",
    "min_map.copy_dofs_from_pose(pose,min_dofs)\n",
    "start_func_val = multifunc(min_dofs)\n",
    "theta = Vector1(list(min_dofs))\n",
    "dE_dtheta = Vector1(list(min_dofs))\n",
    "multifunc.dfunc(theta,dE_dtheta)\n",
    "\n",
    "# set up minimizer and run\n",
    "minimizer = core.optimization.Minimizer(multifunc,min_options)\n",
    "for _ in range(1): minimizer.run(min_dofs)\n",
    "print dE_dtheta"
   ]
  },
  {
   "cell_type": "code",
   "execution_count": 613,
   "metadata": {},
   "outputs": [],
   "source": [
    "multifunc.dfunc(min_dofs, dE_dtheta)"
   ]
  },
  {
   "cell_type": "code",
   "execution_count": 614,
   "metadata": {},
   "outputs": [
    {
     "data": {
      "text/plain": [
       "-65.11110761724218"
      ]
     },
     "execution_count": 614,
     "metadata": {},
     "output_type": "execute_result"
    }
   ],
   "source": [
    "multifunc(min_dofs)"
   ]
  },
  {
   "cell_type": "markdown",
   "metadata": {},
   "source": [
    "# Developing subroutine to calculate hessian from derivative evaluations"
   ]
  },
  {
   "cell_type": "code",
   "execution_count": 615,
   "metadata": {},
   "outputs": [],
   "source": [
    "def hessian_at_min(min_dofs,multifunc,h=1e-3):\n",
    "    min_dofs = np.array(min_dofs) # take advantage of numpy array indexing\n",
    "    n_dofs = len(min_dofs)\n",
    "    hessian = np.zeros((n_dofs,n_dofs))\n",
    "    plus = Vector1([0.0]*n_dofs)\n",
    "    minus = Vector1(list(plus))\n",
    "    \n",
    "    for ii in range(n_dofs):\n",
    "        new_dofs = min_dofs[:]\n",
    "        new_dofs[ii] += h*180./np.pi\n",
    "        multifunc.dfunc(Vector1(list(new_dofs)),plus)\n",
    "        new_dofs[ii] -= 2.*h*180/np.pi\n",
    "        multifunc.dfunc(Vector1(list(new_dofs)),minus)\n",
    "        row = (np.array(plus) - np.array(minus))/2./h\n",
    "        hessian[ii] = row*(180./np.pi) # need to figure out conversion\n",
    "    \n",
    "    return 0.5*(hessian + hessian.T) # enforce symmetry"
   ]
  },
  {
   "cell_type": "code",
   "execution_count": 616,
   "metadata": {
    "scrolled": true
   },
   "outputs": [
    {
     "name": "stdout",
     "output_type": "stream",
     "text": [
      "-65.1111411264\n",
      "-65.1112824846\n",
      "-65.1112824846\n",
      "-65.1112824846\n",
      "-65.1112824846\n",
      "-65.1112824846\n",
      "-65.1112824846\n",
      "-65.1112824846\n",
      "-65.1112824846\n",
      "-65.1112824846\n"
     ]
    }
   ],
   "source": [
    "for _ in range(10):\n",
    "    minimizer.run(min_dofs)\n",
    "    print multifunc(min_dofs)"
   ]
  },
  {
   "cell_type": "code",
   "execution_count": 617,
   "metadata": {},
   "outputs": [],
   "source": [
    "hessian = hessian_at_min(min_dofs,multifunc)"
   ]
  },
  {
   "cell_type": "code",
   "execution_count": 618,
   "metadata": {},
   "outputs": [
    {
     "name": "stdout",
     "output_type": "stream",
     "text": [
      "[[  1.85759149e+02   2.10741577e+02   1.48412444e+02  -4.43052842e+02\n",
      "    1.75535980e+01  -4.71061430e+02   2.18602933e+02  -3.92069396e+02\n",
      "    1.63777183e+02  -8.74761375e+01   2.60104526e+02   9.03341149e+00\n",
      "   -3.44585727e+02  -2.16667710e+00   7.23931978e+01  -6.09045052e+02\n",
      "    2.05068950e+02  -6.23430480e+02   2.93494607e+02  -6.02716260e+02\n",
      "   -1.41425396e+01  -8.31127793e+01   4.12234877e+02  -3.35360075e+02\n",
      "    2.75365227e+02  -3.08612740e+02]\n",
      " [  2.10741577e+02   5.04477015e+02   3.35011621e+02  -9.64500443e+02\n",
      "    2.85010830e+02  -1.01572315e+03   5.89446567e+02  -8.63298436e+02\n",
      "    2.46883411e+02  -1.40901058e+01   6.29922480e+02  -2.62652589e+00\n",
      "   -5.53749663e+02  -3.56402769e+01   2.18643557e+02  -1.44155369e+03\n",
      "    6.70858921e+02  -1.35860137e+03   9.32543730e+02  -1.38811704e+03\n",
      "    7.40769658e+01   2.54870703e+01   1.18359281e+03  -4.39284234e+02\n",
      "    5.42107305e+02  -4.38759275e+02]\n",
      " [  1.48412444e+02   3.35011621e+02   6.11225665e+02  -7.97327335e+02\n",
      "    9.00116800e+02  -9.38871174e+02   8.96533672e+02  -7.23177932e+02\n",
      "    1.12668158e+02   4.07259213e+02   8.40375985e+02   4.97266657e+01\n",
      "   -1.65008805e+02  -2.79614499e+00   3.54708680e+02  -1.47635098e+03\n",
      "    1.08038950e+03  -1.33047498e+03   1.31482290e+03  -1.37535011e+03\n",
      "    1.63299131e+02   5.08576392e+02   1.56024144e+03   1.04375328e+02\n",
      "    4.69079043e+02  -7.65226344e+01]\n",
      " [ -4.43052842e+02  -9.64500443e+02  -7.97327335e+02   3.08935028e+03\n",
      "   -7.28859470e+02   2.80861929e+03  -1.49995410e+03   2.68507357e+03\n",
      "   -5.63763908e+02   6.85369488e+02  -1.61177476e+03  -1.22057038e+01\n",
      "    1.92778034e+03   1.11993609e+02  -6.35372370e+02   3.70750601e+03\n",
      "   -1.91077002e+03   3.29383466e+03  -2.33161004e+03   3.56277084e+03\n",
      "   -1.25214096e+01   3.64276585e+02  -3.03973268e+03   1.39313306e+03\n",
      "   -1.47151912e+03   1.17369571e+03]\n",
      " [  1.75535980e+01   2.85010830e+02   9.00116800e+02  -7.28859470e+02\n",
      "    2.15137797e+03  -9.57630146e+02   1.00724602e+03  -6.50399868e+02\n",
      "   -7.94106267e+02   1.05232091e+03   6.78658371e+02   3.52554666e+01\n",
      "    3.14979246e+02   1.71988231e+00   5.73277863e+02  -2.00733921e+03\n",
      "    2.25488127e+03  -1.71101368e+03   2.18222041e+03  -1.80493470e+03\n",
      "   -5.18658591e+01   1.46701586e+03   2.54153401e+03   1.02629925e+03\n",
      "    7.58152490e+02   4.43103777e+02]\n",
      " [ -4.71061430e+02  -1.01572315e+03  -9.38871174e+02   2.80861929e+03\n",
      "   -9.57630146e+02   3.08518968e+03  -1.77018893e+03   2.55283616e+03\n",
      "   -7.41370203e+02  -2.58819771e+02  -1.81640913e+03   2.54969128e-01\n",
      "    1.35199320e+03   1.23532945e+02  -6.53508299e+02   3.69395580e+03\n",
      "   -1.64700066e+03   3.40565840e+03  -2.67300876e+03   3.52330842e+03\n",
      "   -6.20935821e+02  -2.51306243e+02  -3.24139140e+03   8.48833100e+02\n",
      "   -1.07758447e+03   8.79635063e+02]\n",
      " [  2.18602933e+02   5.89446567e+02   8.96533672e+02  -1.49995410e+03\n",
      "    1.00724602e+03  -1.77018893e+03   2.10882707e+03  -1.42257930e+03\n",
      "    1.04385715e+03   6.73480094e+02   2.15980134e+03   8.09152810e+01\n",
      "   -2.41858208e+02  -8.24268682e+00   5.71475490e+02  -2.36838080e+03\n",
      "    1.07305840e+03  -2.06231295e+03   2.24695254e+03  -2.21112828e+03\n",
      "    1.00354376e+03   4.84742866e+02   2.53518544e+03  -7.33503920e+01\n",
      "    3.13736324e+02  -1.52549567e+02]\n",
      " [ -3.92069396e+02  -8.63298436e+02  -7.23177932e+02   2.68507357e+03\n",
      "   -6.50399868e+02   2.55283616e+03  -1.42257930e+03   2.38733469e+03\n",
      "   -6.08981032e+02   4.26424543e+02  -1.51475286e+03  -9.10545405e+00\n",
      "    1.57119323e+03   1.01290429e+02  -5.65701344e+02   3.25380308e+03\n",
      "   -1.53735388e+03   2.89562905e+03  -2.12380967e+03   3.12178282e+03\n",
      "   -2.29271184e+02   2.63718451e+02  -2.70297135e+03   1.15977867e+03\n",
      "   -1.14620025e+03   9.75677458e+02]\n",
      " [  1.63777183e+02   2.46883411e+02   1.12668158e+02  -5.63763908e+02\n",
      "   -7.94106267e+02  -7.41370203e+02   1.04385715e+03  -6.08981032e+02\n",
      "    1.65391579e+03  -4.50517697e+01   1.31502409e+03   5.06468993e+01\n",
      "   -2.61117357e+02  -9.62377175e+00   6.13730534e+01  -2.58668809e+02\n",
      "   -1.11082123e+03  -2.57371522e+02   1.70228606e+02  -2.83886146e+02\n",
      "    1.17897229e+03  -6.98232230e+02   4.79921950e+01  -7.71209856e+02\n",
      "   -6.01814527e+02  -3.74511704e+02]\n",
      " [ -8.74761375e+01  -1.40901058e+01   4.07259213e+02   6.85369488e+02\n",
      "    1.05232091e+03  -2.58819771e+02   6.73480094e+02   4.26424543e+02\n",
      "   -4.50517697e+01   2.09247814e+03   4.42329660e+02  -8.25891928e+00\n",
      "    1.50217554e+03   5.34062607e+01   1.90699842e+02  -1.94006148e+02\n",
      "    1.92441707e+02  -2.67945172e+02   1.15101380e+03  -8.26952636e+01\n",
      "    1.06085942e+03   1.62397231e+03   9.47986845e+02   1.56923939e+03\n",
      "   -6.38411321e+02   9.22517514e+02]\n",
      " [  2.60104526e+02   6.29922480e+02   8.40375985e+02  -1.61177476e+03\n",
      "    6.78658371e+02  -1.81640913e+03   2.15980134e+03  -1.51475286e+03\n",
      "    1.31502409e+03   4.42329660e+02   2.35110611e+03   9.77408726e+01\n",
      "   -4.47080987e+02  -9.16550299e+00   5.09705313e+02  -2.35994322e+03\n",
      "    8.87015806e+02  -2.07483756e+03   2.09084277e+03  -2.22528831e+03\n",
      "    9.77037474e+02   2.31745897e+02   2.38974864e+03  -3.52106856e+02\n",
      "    3.53550679e+02  -3.31176535e+02]\n",
      " [  9.03341149e+00  -2.62652589e+00   4.97266657e+01  -1.22057038e+01\n",
      "    3.52554666e+01   2.54969128e-01   8.09152810e+01  -9.10545405e+00\n",
      "    5.06468993e+01  -8.25891928e+00   9.77408726e+01   1.49901240e+02\n",
      "   -4.61672382e+00   1.06614623e+02   9.49846471e+01  -1.57617365e+02\n",
      "   -1.33311210e+02  -1.97556466e+02   9.53358439e+01  -1.82090565e+02\n",
      "    2.99736036e+02  -2.61138410e+02   7.10354098e+01  -3.26092129e+02\n",
      "   -1.41699209e+02  -1.32864219e+02]\n",
      " [ -3.44585727e+02  -5.53749663e+02  -1.65008805e+02   1.92778034e+03\n",
      "    3.14979246e+02   1.35199320e+03  -2.41858208e+02   1.57119323e+03\n",
      "   -2.61117357e+02   1.50217554e+03  -4.47080987e+02  -4.61672382e+00\n",
      "    1.96373614e+03   1.13148939e+02  -1.60190149e+02   1.77251196e+03\n",
      "   -8.64909073e+02   1.65219112e+03  -4.27010574e+02   1.78389025e+03\n",
      "    7.55219399e+02   1.01488167e+03  -9.20813548e+02   1.62797129e+03\n",
      "   -1.24576655e+03   1.23129223e+03]\n",
      " [ -2.16667710e+00  -3.56402769e+01  -2.79614499e+00   1.11993609e+02\n",
      "    1.71988231e+00   1.23532945e+02  -8.24268682e+00   1.01290429e+02\n",
      "   -9.62377175e+00   5.34062607e+01  -9.16550299e+00   1.06614623e+02\n",
      "    1.13148939e+02   3.82427962e+02   1.77554066e+02  -2.54533896e+02\n",
      "   -1.32876002e+01  -4.29881745e+02   1.44715121e+02  -2.86252466e+02\n",
      "    2.96357671e+02  -1.13816651e+02   1.40386491e+02  -3.65103460e+02\n",
      "   -1.26278781e+02  -2.76627458e+02]\n",
      " [  7.23931978e+01   2.18643557e+02   3.54708680e+02  -6.35372370e+02\n",
      "    5.73277863e+02  -6.53508299e+02   5.71475490e+02  -5.65701344e+02\n",
      "    6.13730534e+01   1.90699842e+02   5.09705313e+02   9.49846471e+01\n",
      "   -1.60190149e+02   1.77554066e+02   7.70256180e+02  -1.34365416e+03\n",
      "    1.32950250e+03  -1.34792188e+03   1.42382992e+03  -1.24662291e+03\n",
      "    3.95148939e+02   5.30618111e+02   1.66025646e+03   2.21322997e+00\n",
      "    3.36439144e+02  -1.57210027e+02]\n",
      " [ -6.09045052e+02  -1.44155369e+03  -1.47635098e+03   3.70750601e+03\n",
      "   -2.00733921e+03   3.69395580e+03  -2.36838080e+03   3.25380308e+03\n",
      "   -2.58668809e+02  -1.94006148e+02  -2.35994322e+03  -1.57617365e+02\n",
      "    1.77251196e+03  -2.54533896e+02  -1.34365416e+03   6.74195873e+03\n",
      "   -3.74047960e+03   6.37312956e+03  -4.52908854e+03   6.38578046e+03\n",
      "   -4.32428454e+02  -6.50897464e+02  -5.59867570e+03   1.61778004e+03\n",
      "   -2.14840297e+03   1.59440775e+03]\n",
      " [  2.05068950e+02   6.70858921e+02   1.08038950e+03  -1.91077002e+03\n",
      "    2.25488127e+03  -1.64700066e+03   1.07305840e+03  -1.53735388e+03\n",
      "   -1.11082123e+03   1.92441707e+02   8.87015806e+02  -1.33311210e+02\n",
      "   -8.64909073e+02  -1.32876002e+01   1.32950250e+03  -3.74047960e+03\n",
      "    5.95251738e+03  -3.45649689e+03   3.37740182e+03  -3.34002879e+03\n",
      "   -2.36660393e+03   3.01953078e+03   4.50970512e+03   1.62252852e+03\n",
      "    2.95536608e+03  -3.35207839e+01]\n",
      " [ -6.23430480e+02  -1.35860137e+03  -1.33047498e+03   3.29383466e+03\n",
      "   -1.71101368e+03   3.40565840e+03  -2.06231295e+03   2.89562905e+03\n",
      "   -2.57371522e+02  -2.67945172e+02  -2.07483756e+03  -1.97556466e+02\n",
      "    1.65219112e+03  -4.29881745e+02  -1.34792188e+03   6.37312956e+03\n",
      "   -3.45649689e+03   6.47956026e+03  -4.29643444e+03   6.08203085e+03\n",
      "   -5.95902333e+02  -1.07781912e+03  -5.25331336e+03   1.47794647e+03\n",
      "   -1.91834463e+03   1.67496982e+03]\n",
      " [  2.93494607e+02   9.32543730e+02   1.31482290e+03  -2.33161004e+03\n",
      "    2.18222041e+03  -2.67300876e+03   2.24695254e+03  -2.12380967e+03\n",
      "    1.70228606e+02   1.15101380e+03   2.09084277e+03   9.53358439e+01\n",
      "   -4.27010574e+02   1.44715121e+02   1.42382992e+03  -4.52908854e+03\n",
      "    3.37740182e+03  -4.29643444e+03   4.60993722e+03  -4.21303745e+03\n",
      "    1.20784964e+03   2.02249329e+03   5.29948380e+03   5.87469154e+02\n",
      "    1.22735410e+03  -1.43087978e+02]\n",
      " [ -6.02716260e+02  -1.38811704e+03  -1.37535011e+03   3.56277084e+03\n",
      "   -1.80493470e+03   3.52330842e+03  -2.21112828e+03   3.12178282e+03\n",
      "   -2.83886146e+02  -8.26952636e+01  -2.22528831e+03  -1.82090565e+02\n",
      "    1.78389025e+03  -2.86252466e+02  -1.24662291e+03   6.38578046e+03\n",
      "   -3.34002879e+03   6.08203085e+03  -4.21303745e+03   6.11061616e+03\n",
      "   -5.10084333e+02  -3.36826293e+02  -5.21740305e+03   1.80307380e+03\n",
      "   -1.99569903e+03   1.63931583e+03]\n",
      " [ -1.41425396e+01   7.40769658e+01   1.63299131e+02  -1.25214096e+01\n",
      "   -5.18658591e+01  -6.20935821e+02   1.00354376e+03  -2.29271184e+02\n",
      "    1.17897229e+03   1.06085942e+03   9.77037474e+02   2.99736036e+02\n",
      "    7.55219399e+02   2.96357671e+02   3.95148939e+02  -4.32428454e+02\n",
      "   -2.36660393e+03  -5.95902333e+02   1.20784964e+03  -5.10084333e+02\n",
      "    3.78479124e+03  -7.99381720e+02   6.85828815e+02  -8.10782279e+02\n",
      "   -2.06533643e+03   8.77392483e+01]\n",
      " [ -8.31127793e+01   2.54870703e+01   5.08576392e+02   3.64276585e+02\n",
      "    1.46701586e+03  -2.51306243e+02   4.84742866e+02   2.63718451e+02\n",
      "   -6.98232230e+02   1.62397231e+03   2.31745897e+02  -2.61138410e+02\n",
      "    1.01488167e+03  -1.13816651e+02   5.30618111e+02  -6.50897464e+02\n",
      "    3.01953078e+03  -1.07781912e+03   2.02249329e+03  -3.36826293e+02\n",
      "   -7.99381720e+02   4.60606987e+03   2.24014900e+03   3.80056402e+03\n",
      "    8.24963130e+02   1.37410851e+03]\n",
      " [  4.12234877e+02   1.18359281e+03   1.56024144e+03  -3.03973268e+03\n",
      "    2.54153401e+03  -3.24139140e+03   2.53518544e+03  -2.70297135e+03\n",
      "    4.79921950e+01   9.47986845e+02   2.38974864e+03   7.10354098e+01\n",
      "   -9.20813548e+02   1.40386491e+02   1.66025646e+03  -5.59867570e+03\n",
      "    4.50970512e+03  -5.25331336e+03   5.29948380e+03  -5.21740305e+03\n",
      "    6.85828815e+02   2.24014900e+03   6.32876354e+03   4.44051815e+02\n",
      "    2.05092138e+03  -4.53275738e+02]\n",
      " [ -3.35360075e+02  -4.39284234e+02   1.04375328e+02   1.39313306e+03\n",
      "    1.02629925e+03   8.48833100e+02  -7.33503920e+01   1.15977867e+03\n",
      "   -7.71209856e+02   1.56923939e+03  -3.52106856e+02  -3.26092129e+02\n",
      "    1.62797129e+03  -3.65103460e+02   2.21322997e+00   1.61778004e+03\n",
      "    1.62252852e+03   1.47794647e+03   5.87469154e+02   1.80307380e+03\n",
      "   -8.10782279e+02   3.80056402e+03   4.44051815e+02   4.25775614e+03\n",
      "    3.73555932e+01   2.14969454e+03]\n",
      " [  2.75365227e+02   5.42107305e+02   4.69079043e+02  -1.47151912e+03\n",
      "    7.58152490e+02  -1.07758447e+03   3.13736324e+02  -1.14620025e+03\n",
      "   -6.01814527e+02  -6.38411321e+02   3.53550679e+02  -1.41699209e+02\n",
      "   -1.24576655e+03  -1.26278781e+02   3.36439144e+02  -2.14840297e+03\n",
      "    2.95536608e+03  -1.91834463e+03   1.22735410e+03  -1.99569903e+03\n",
      "   -2.06533643e+03   8.24963130e+02   2.05092138e+03   3.73555932e+01\n",
      "    2.39377373e+03  -6.43808728e+02]\n",
      " [ -3.08612740e+02  -4.38759275e+02  -7.65226344e+01   1.17369571e+03\n",
      "    4.43103777e+02   8.79635063e+02  -1.52549567e+02   9.75677458e+02\n",
      "   -3.74511704e+02   9.22517514e+02  -3.31176535e+02  -1.32864219e+02\n",
      "    1.23129223e+03  -2.76627458e+02  -1.57210027e+02   1.59440775e+03\n",
      "   -3.35207839e+01   1.67496982e+03  -1.43087978e+02   1.63931583e+03\n",
      "    8.77392483e+01   1.37410851e+03  -4.53275738e+02   2.14969454e+03\n",
      "   -6.43808728e+02   1.54149088e+03]]\n"
     ]
    }
   ],
   "source": [
    "print hessian"
   ]
  },
  {
   "cell_type": "code",
   "execution_count": 619,
   "metadata": {},
   "outputs": [],
   "source": [
    "from scipy.linalg import eigh"
   ]
  },
  {
   "cell_type": "code",
   "execution_count": 620,
   "metadata": {},
   "outputs": [],
   "source": [
    "[eigenvalues, modes] = eigh(hessian)"
   ]
  },
  {
   "cell_type": "code",
   "execution_count": 621,
   "metadata": {},
   "outputs": [
    {
     "name": "stdout",
     "output_type": "stream",
     "text": [
      "[  6.35182059e+00   8.03890097e+00   8.47742895e+00   1.08523863e+01\n",
      "   1.32310012e+01   1.33977906e+01   1.95032640e+01   2.27864478e+01\n",
      "   3.24691764e+01   4.82483595e+01   6.01949872e+01   6.39001009e+01\n",
      "   9.09355022e+01   1.03856733e+02   1.12622215e+02   2.22182709e+02\n",
      "   3.85724018e+02   5.05038500e+02   5.93423381e+02   1.52463060e+03\n",
      "   1.59464458e+03   1.88265756e+03   3.62779654e+03   9.10445328e+03\n",
      "   1.45801775e+04   4.16590035e+04]\n"
     ]
    }
   ],
   "source": [
    "print eigenvalues"
   ]
  },
  {
   "cell_type": "code",
   "execution_count": 622,
   "metadata": {},
   "outputs": [
    {
     "name": "stdout",
     "output_type": "stream",
     "text": [
      "57.2957795131\n",
      "57.2957795131\n",
      "57.2957795131\n",
      "57.2957795131\n",
      "57.2957795131\n",
      "57.2957795131\n",
      "57.2957795131\n",
      "57.2957795131\n",
      "57.2957795131\n",
      "57.2957795131\n",
      "57.2957795131\n",
      "57.2957795131\n",
      "57.2957795131\n",
      "57.2957795131\n",
      "57.2957795131\n",
      "57.2957795131\n",
      "57.2957795131\n",
      "57.2957795131\n",
      "57.2957795131\n",
      "57.2957795131\n",
      "57.2957795131\n",
      "57.2957795131\n",
      "57.2957795131\n",
      "57.2957795131\n",
      "57.2957795131\n",
      "57.2957795131\n"
     ]
    }
   ],
   "source": [
    "for do in min_map.dof_nodes():\n",
    "    print min_map.torsion_scale_factor(do)"
   ]
  },
  {
   "cell_type": "code",
   "execution_count": 623,
   "metadata": {},
   "outputs": [],
   "source": [
    "pseudo_det = 1.\n",
    "for eigen in eigenvalues:\n",
    "    if eigen > 0:\n",
    "        pseudo_det *= eigen\n",
    "    "
   ]
  },
  {
   "cell_type": "code",
   "execution_count": 624,
   "metadata": {},
   "outputs": [
    {
     "name": "stdout",
     "output_type": "stream",
     "text": [
      "[  6.35182059e+00   8.03890097e+00   8.47742895e+00   1.08523863e+01\n",
      "   1.32310012e+01   1.33977906e+01   1.95032640e+01   2.27864478e+01\n",
      "   3.24691764e+01   4.82483595e+01   6.01949872e+01   6.39001009e+01\n",
      "   9.09355022e+01   1.03856733e+02   1.12622215e+02   2.22182709e+02\n",
      "   3.85724018e+02   5.05038500e+02   5.93423381e+02   1.52463060e+03\n",
      "   1.59464458e+03   1.88265756e+03   3.62779654e+03   9.10445328e+03\n",
      "   1.45801775e+04   4.16590035e+04]\n"
     ]
    }
   ],
   "source": [
    "print eigenvalues"
   ]
  },
  {
   "cell_type": "code",
   "execution_count": 645,
   "metadata": {},
   "outputs": [
    {
     "name": "stdout",
     "output_type": "stream",
     "text": [
      "-22.5191342982\n"
     ]
    }
   ],
   "source": [
    "print multifunc(min_dofs) + 0.5*np.log(pseudo_det) - 0.5*min_map.nangles()*np.log(2*np.pi)"
   ]
  },
  {
   "cell_type": "markdown",
   "metadata": {},
   "source": [
    "# Developing subroutine to mode scan using AtomTreeMultifunc"
   ]
  },
  {
   "cell_type": "code",
   "execution_count": 626,
   "metadata": {},
   "outputs": [],
   "source": [
    "pmm = PyMOLMover()\n",
    "pmm.keep_history(True)"
   ]
  },
  {
   "cell_type": "code",
   "execution_count": 627,
   "metadata": {},
   "outputs": [],
   "source": [
    "from scipy.special import erf"
   ]
  },
  {
   "cell_type": "code",
   "execution_count": 628,
   "metadata": {},
   "outputs": [],
   "source": [
    "def mode_scan(min_dofs, multifunc, mode, limit=np.pi/3, dx=0.005):\n",
    "    # convert to np array for useful indexing\n",
    "    min_dofs = np.array(min_dofs)\n",
    "    delta_array = np.linspace(-limit, limit, int(2*limit/dx)+1)\n",
    "    \n",
    "    # intialize result\n",
    "    result = np.zeros_like(delta_array)\n",
    "    \n",
    "    # evaluate using multifunc \n",
    "    for ii, delta in enumerate(delta_array):\n",
    "        new_dofs = min_dofs[:] + delta*mode*180/np.pi\n",
    "        result[ii] = multifunc(Vector1(list(new_dofs)))\n",
    "    \n",
    "    return result    \n",
    "    \n",
    "    "
   ]
  },
  {
   "cell_type": "code",
   "execution_count": 629,
   "metadata": {
    "scrolled": true
   },
   "outputs": [],
   "source": [
    "def compute_total_partition(min_dofs, multifunc, modes, limit=np.pi/3, dx=0.005):\n",
    "    # initialize output\n",
    "    total_log_partition = 0 \n",
    "    total_log_harmonic = 0\n",
    "    scans = tuple()\n",
    "    xx = np.linspace(-limit, limit, int(2*limit/dx)+1)\n",
    "    \n",
    "    for ii, mode in enumerate(modes.T): # columns of array are eigenvectors\n",
