{
 "cells": [
  {
   "cell_type": "code",
   "execution_count": 1,
   "metadata": {},
   "outputs": [
    {
     "name": "stdout",
     "output_type": "stream",
     "text": [
      "Found rosetta database at: /usr/local/lib/python2.7/dist-packages/pyrosetta-2018.11+release.7c7790f-py2.7-linux-x86_64.egg/pyrosetta/database; using it....\n",
      "PyRosetta-4 2017 [Rosetta PyRosetta4.Release.python27.ubuntu 2018.11+release.7c7790f7c7790fbb898f8210b54513b9f9c8a927c3e8d7f 2018-03-14T13:19:04] retrieved from: http://www.pyrosetta.org\n",
      "(C) Copyright Rosetta Commons Member Institutions.\n",
      "Created in JHU by Sergey Lyskov and PyRosetta Team.\n",
      "\n",
      "\u001b[0mcore.init: \u001b[0mChecking for fconfig files in pwd and ./rosetta/flags\n",
      "\n",
      "\u001b[0mcore.init: \u001b[0mRosetta version: PyRosetta4.Release.python27.ubuntu r173 2018.11+release.7c7790f 7c7790fbb898f8210b54513b9f9c8a927c3e8d7f http://www.pyrosetta.org 2018-03-14T13:19:04\n",
      "\u001b[0mcore.init: \u001b[0mcommand: PyRosetta -ex1 -ex2aro -database /usr/local/lib/python2.7/dist-packages/pyrosetta-2018.11+release.7c7790f-py2.7-linux-x86_64.egg/pyrosetta/database\n",
      "\u001b[0mcore.init: \u001b[0m'RNG device' seed mode, using '/dev/urandom', seed=454386426 seed_offset=0 real_seed=454386426\n",
      "\u001b[0mcore.init.random: \u001b[0mRandomGenerator:init: Normal mode, seed=454386426 RG_type=mt19937\n",
      "Found rosetta database at: /usr/local/lib/python2.7/dist-packages/pyrosetta-2018.11+release.7c7790f-py2.7-linux-x86_64.egg/pyrosetta/database; using it....\n",
      "PyRosetta-4 2017 [Rosetta PyRosetta4.Release.python27.ubuntu 2018.11+release.7c7790f7c7790fbb898f8210b54513b9f9c8a927c3e8d7f 2018-03-14T13:19:04] retrieved from: http://www.pyrosetta.org\n",
      "(C) Copyright Rosetta Commons Member Institutions.\n",
      "Created in JHU by Sergey Lyskov and PyRosetta Team.\n",
      "\n",
      "\u001b[0mcore.init: \u001b[0mChecking for fconfig files in pwd and ./rosetta/flags\n",
      "\n",
      "\u001b[0mcore.init: \u001b[0mRosetta version: PyRosetta4.Release.python27.ubuntu r173 2018.11+release.7c7790f 7c7790fbb898f8210b54513b9f9c8a927c3e8d7f http://www.pyrosetta.org 2018-03-14T13:19:04\n",
      "\u001b[0mcore.init: \u001b[0mcommand: PyRosetta -ex1 -ex2aro -database /usr/local/lib/python2.7/dist-packages/pyrosetta-2018.11+release.7c7790f-py2.7-linux-x86_64.egg/pyrosetta/database\n",
      "\u001b[0mcore.init: \u001b[0m'RNG device' seed mode, using '/dev/urandom', seed=1343938900 seed_offset=0 real_seed=1343938900\n",
      "\u001b[0mcore.init.random: \u001b[0mRandomGenerator:init: Normal mode, seed=1343938900 RG_type=mt19937\n",
      "Found rosetta database at: /usr/local/lib/python2.7/dist-packages/pyrosetta-2018.11+release.7c7790f-py2.7-linux-x86_64.egg/pyrosetta/database; using it....\n",
      "PyRosetta-4 2017 [Rosetta PyRosetta4.Release.python27.ubuntu 2018.11+release.7c7790f7c7790fbb898f8210b54513b9f9c8a927c3e8d7f 2018-03-14T13:19:04] retrieved from: http://www.pyrosetta.org\n",
      "(C) Copyright Rosetta Commons Member Institutions.\n",
      "Created in JHU by Sergey Lyskov and PyRosetta Team.\n",
      "\n",
      "\u001b[0mcore.init: \u001b[0mChecking for fconfig files in pwd and ./rosetta/flags\n",
      "\n",
      "\u001b[0mcore.init: \u001b[0mRosetta version: PyRosetta4.Release.python27.ubuntu r173 2018.11+release.7c7790f 7c7790fbb898f8210b54513b9f9c8a927c3e8d7f http://www.pyrosetta.org 2018-03-14T13:19:04\n",
      "\u001b[0mcore.init: \u001b[0mcommand: PyRosetta -ex1 -ex2aro -database /usr/local/lib/python2.7/dist-packages/pyrosetta-2018.11+release.7c7790f-py2.7-linux-x86_64.egg/pyrosetta/database\n",
      "\u001b[0mcore.init: \u001b[0m'RNG device' seed mode, using '/dev/urandom', seed=-1671096205 seed_offset=0 real_seed=-1671096205\n",
      "\u001b[0mcore.init.random: \u001b[0mRandomGenerator:init: Normal mode, seed=-1671096205 RG_type=mt19937\n",
      "Found rosetta database at: /usr/local/lib/python2.7/dist-packages/pyrosetta-2018.11+release.7c7790f-py2.7-linux-x86_64.egg/pyrosetta/database; using it....\n",
      "PyRosetta-4 2017 [Rosetta PyRosetta4.Release.python27.ubuntu 2018.11+release.7c7790f7c7790fbb898f8210b54513b9f9c8a927c3e8d7f 2018-03-14T13:19:04] retrieved from: http://www.pyrosetta.org\n",
      "(C) Copyright Rosetta Commons Member Institutions.\n",
      "Created in JHU by Sergey Lyskov and PyRosetta Team.\n",
      "\n",
      "\u001b[0mcore.init: \u001b[0mChecking for fconfig files in pwd and ./rosetta/flags\n",
      "\n",
      "\u001b[0mcore.init: \u001b[0mRosetta version: PyRosetta4.Release.python27.ubuntu r173 2018.11+release.7c7790f 7c7790fbb898f8210b54513b9f9c8a927c3e8d7f http://www.pyrosetta.org 2018-03-14T13:19:04\n",
      "\u001b[0mcore.init: \u001b[0mcommand: PyRosetta -ex1 -ex2aro -database /usr/local/lib/python2.7/dist-packages/pyrosetta-2018.11+release.7c7790f-py2.7-linux-x86_64.egg/pyrosetta/database\n",
      "\u001b[0mcore.init: \u001b[0m'RNG device' seed mode, using '/dev/urandom', seed=-1052947710 seed_offset=0 real_seed=-1052947710\n",
      "\u001b[0mcore.init.random: \u001b[0mRandomGenerator:init: Normal mode, seed=-1052947710 RG_type=mt19937\n"
     ]
    }
   ],
   "source": [
    "from MiningMinima import *"
   ]
  },
  {
   "cell_type": "code",
   "execution_count": 2,
   "metadata": {
    "scrolled": true
   },
   "outputs": [
    {
     "name": "stdout",
     "output_type": "stream",
     "text": [
      "\u001b[0mcore.chemical.GlobalResidueTypeSet: \u001b[0mFinished initializing fa_standard residue type set.  Created 603 residue types\n",
      "\u001b[0mcore.chemical.GlobalResidueTypeSet: \u001b[0mTotal time to initialize 0.703125 seconds.\n",
      "\u001b[0mcore.scoring.etable: \u001b[0mStarting energy table calculation\n",
      "\u001b[0mcore.scoring.etable: \u001b[0msmooth_etable: changing atr/rep split to bottom of energy well\n",
      "\u001b[0mcore.scoring.etable: \u001b[0msmooth_etable: spline smoothing lj etables (maxdis = 6)\n",
      "\u001b[0mcore.scoring.etable: \u001b[0msmooth_etable: spline smoothing solvation etables (max_dis = 6)\n",
      "\u001b[0mcore.scoring.etable: \u001b[0mFinished calculating energy tables.\n",
      "\u001b[0mbasic.io.database: \u001b[0mDatabase file opened: scoring/score_functions/hbonds/ref2015_params/HBPoly1D.csv\n",
      "\u001b[0mbasic.io.database: \u001b[0mDatabase file opened: scoring/score_functions/hbonds/ref2015_params/HBFadeIntervals.csv\n",
      "\u001b[0mbasic.io.database: \u001b[0mDatabase file opened: scoring/score_functions/hbonds/ref2015_params/HBEval.csv\n",
      "\u001b[0mbasic.io.database: \u001b[0mDatabase file opened: scoring/score_functions/hbonds/ref2015_params/DonStrength.csv\n",
      "\u001b[0mbasic.io.database: \u001b[0mDatabase file opened: scoring/score_functions/hbonds/ref2015_params/AccStrength.csv\n",
      "{0: <pyrosetta.rosetta.core.id.TorsionID object at 0x7facff2acce0>, 1: <pyrosetta.rosetta.core.id.TorsionID object at 0x7facff27a880>, 2: <pyrosetta.rosetta.core.id.TorsionID object at 0x7facff27ac70>, 3: <pyrosetta.rosetta.core.id.TorsionID object at 0x7facff27a3e8>, 4: <pyrosetta.rosetta.core.id.TorsionID object at 0x7facff27a068>, 5: <pyrosetta.rosetta.core.id.TorsionID object at 0x7facff27a7d8>, 6: <pyrosetta.rosetta.core.id.TorsionID object at 0x7facff27a0d8>, 7: <pyrosetta.rosetta.core.id.TorsionID object at 0x7facff27a420>, 8: <pyrosetta.rosetta.core.id.TorsionID object at 0x7facff27aea0>, 9: <pyrosetta.rosetta.core.id.TorsionID object at 0x7facff27ab58>, 10: <pyrosetta.rosetta.core.id.TorsionID object at 0x7facff27aae8>, 11: <pyrosetta.rosetta.core.id.TorsionID object at 0x7facff27a9d0>, 12: <pyrosetta.rosetta.core.id.TorsionID object at 0x7facff27ad88>, 13: <pyrosetta.rosetta.core.id.TorsionID object at 0x7facff27adc0>}\n"
     ]
    }
   ],
   "source": [
    "fuck = MiningMinima(seq1='cg', seq2='cg') "
   ]
  },
  {
   "cell_type": "code",
   "execution_count": 3,
   "metadata": {},
   "outputs": [
    {
     "name": "stdout",
     "output_type": "stream",
     "text": [
      "1.0000000000000007\n"
     ]
    }
   ],
   "source": [
    "print np.linalg.norm(fuck.modes[1,:])"
   ]
  },
  {
   "cell_type": "code",
   "execution_count": 4,
   "metadata": {},
   "outputs": [
    {
     "name": "stdout",
     "output_type": "stream",
     "text": [
      "-14.531784123222753\n",
      "-14.76031143915322\n"
     ]
    }
   ],
   "source": [
    "print fuck.anharmonic_free_energy\n",
    "print fuck.harmonic_free_energy"
   ]
  },
  {
   "cell_type": "code",
   "execution_count": 5,
   "metadata": {},
   "outputs": [
    {
     "name": "stdout",
     "output_type": "stream",
     "text": [
      "[ 0.06421505  0.03759676 -0.03246734  0.24825857 -0.23668803 -0.34101587\n",
      "  0.45363947 -0.44659345  0.5699035  -0.05321389 -0.08358397  0.08653995\n",
      "  0.05601219  0.09483889]\n"
     ]
    }
   ],
   "source": [
    "print fuck.modes[:,0]"
   ]
  },
  {
   "cell_type": "code",
   "execution_count": 6,
   "metadata": {},
   "outputs": [],
   "source": [
    "ensemble = fuck.harmonic_ensemble()"
   ]
  },
  {
   "cell_type": "code",
   "execution_count": null,
   "metadata": {},
   "outputs": [],
   "source": [
    "random_struct = np.zeros((fuck.n_dofs, 2000))\n",
    "\n",
    "hmmm = np.random.randint(fuck.n_dofs, size = (fuck.n_dofs, 2000))\n",
    "\n",
    "for j in range(2000):\n",
    "    \n",
    "    dphi = np.zeros_like(fuck.modes[:,0])\n",
    "    \n",
    "    for mode_idx in hmmm[:,j]:\n",
    "    \n",
    "        dphi += np.random.normal(0, 1/np.sqrt(fuck.eigenvalues[mode_idx]))*180./np.pi*fuck.modes[:,mode_idx]\n",
    "\n",
    "    struct = [fuck.min_pose.torsion(fuck.dof_dict[key]) + dphi[key] for key in fuck.dof_dict]\n",
    "\n",
    "    random_struct[:, j] = struct"
   ]
  },
  {
   "cell_type": "code",
   "execution_count": 12,
   "metadata": {
    "scrolled": true
   },
   "outputs": [
    {
     "name": "stdout",
     "output_type": "stream",
     "text": [
      "[[218.65971637 -78.76762069 -56.73220904 ...  86.13660036  58.92622856\n",
      "   76.99027105]\n",
      " [224.16865587 -79.31182198 -78.56099251 ...  71.22131151  57.9304836\n",
      "   71.44280696]\n",
      " [214.3208875  -81.78740474 -45.88379834 ...  90.86548616  70.11693888\n",
      "   73.2380441 ]\n",
      " ...\n",
      " [200.21587208 -55.07477232 -89.53537133 ...  75.4743342   82.79495529\n",
      "   78.15449697]\n",
      " [207.84130798 -63.48993079 -88.95115156 ...  79.84696084  66.48475487\n",
      "   76.72056068]\n",
      " [206.16457471 -66.75203927 -67.02572432 ...  84.2944021   77.79981259\n",
      "   79.98637563]]\n",
      "[ 224.16865587  -79.31182198  -78.56099251  165.22208417   69.47191092\n",
      " -145.10840913  -82.01941671  -56.88218691  174.54257465   46.9188516\n",
      "   56.48007091   71.22131151   57.9304836    71.44280696]\n"
     ]
    }
   ],
   "source": [
    "print ensemble\n",
    "pmm = PyMOLMover()\n",
    "pmm.keep_history(True)\n",
    "print ensemble[1,:]"
   ]
  },
  {
   "cell_type": "code",
   "execution_count": 18,
   "metadata": {},
   "outputs": [
    {
     "name": "stdout",
     "output_type": "stream",
     "text": [
      "-26.9308544292\n",
      "RT -0.988666 0.149099 -0.01758 0.149082 0.988822 0.002255 0.0177197 -0.000391421 -0.999843 6.23459 0.0885543 0.00692543  \n",
      "-8.28686253184\n",
      "RT -0.988666 0.149099 -0.01758 0.149082 0.988822 0.002255 0.0177197 -0.000391421 -0.999843 6.23459 0.0885543 0.00692543  \n",
      "13.0696225897\n",
      "RT -0.988666 0.149099 -0.01758 0.149082 0.988822 0.002255 0.0177197 -0.000391421 -0.999843 6.23459 0.0885543 0.00692543  \n",
      "-16.1814746073\n",
      "RT -0.988666 0.149099 -0.01758 0.149082 0.988822 0.002255 0.0177197 -0.000391421 -0.999843 6.23459 0.0885543 0.00692543  \n",
      "53.6386746673\n",
      "RT -0.988666 0.149099 -0.01758 0.149082 0.988822 0.002255 0.0177197 -0.000391421 -0.999843 6.23459 0.0885543 0.00692543  \n",
      "-23.909736705\n",
      "RT -0.988666 0.149099 -0.01758 0.149082 0.988822 0.002255 0.0177197 -0.000391421 -0.999843 6.23459 0.0885543 0.00692543  \n",
      "67.4208935246\n",
      "RT -0.988666 0.149099 -0.01758 0.149082 0.988822 0.002255 0.0177197 -0.000391421 -0.999843 6.23459 0.0885543 0.00692543  \n",
      "144.518266639\n",
      "RT -0.988666 0.149099 -0.01758 0.149082 0.988822 0.002255 0.0177197 -0.000391421 -0.999843 6.23459 0.0885543 0.00692543  \n",
      "36.7471204831\n",
      "RT -0.988666 0.149099 -0.01758 0.149082 0.988822 0.002255 0.0177197 -0.000391421 -0.999843 6.23459 0.0885543 0.00692543  \n",
      "-7.38400348783\n",
      "RT -0.988666 0.149099 -0.01758 0.149082 0.988822 0.002255 0.0177197 -0.000391421 -0.999843 6.23459 0.0885543 0.00692543  \n",
      "-8.25113601074\n",
      "RT -0.988666 0.149099 -0.01758 0.149082 0.988822 0.002255 0.0177197 -0.000391421 -0.999843 6.23459 0.0885543 0.00692543  \n",
      "-26.9524877143\n",
      "RT -0.988666 0.149099 -0.01758 0.149082 0.988822 0.002255 0.0177197 -0.000391421 -0.999843 6.23459 0.0885543 0.00692543  \n",
      "75.3329406013\n",
      "RT -0.988666 0.149099 -0.01758 0.149082 0.988822 0.002255 0.0177197 -0.000391421 -0.999843 6.23459 0.0885543 0.00692543  \n",
      "6.78254519607\n",
      "RT -0.988666 0.149099 -0.01758 0.149082 0.988822 0.002255 0.0177197 -0.000391421 -0.999843 6.23459 0.0885543 0.00692543  \n",
      "-8.43177361661\n",
      "RT -0.988666 0.149099 -0.01758 0.149082 0.988822 0.002255 0.0177197 -0.000391421 -0.999843 6.23459 0.0885543 0.00692543  \n",
      "-27.1984800805\n",
      "RT -0.988666 0.149099 -0.01758 0.149082 0.988822 0.002255 0.0177197 -0.000391421 -0.999843 6.23459 0.0885543 0.00692543  \n",
      "8.36791096839\n",
      "RT -0.988666 0.149099 -0.01758 0.149082 0.988822 0.002255 0.0177197 -0.000391421 -0.999843 6.23459 0.0885543 0.00692543  \n",
      "49.4478614184\n",
      "RT -0.988666 0.149099 -0.01758 0.149082 0.988822 0.002255 0.0177197 -0.000391421 -0.999843 6.23459 0.0885543 0.00692543  \n",
      "-15.8770122046\n",
      "RT -0.988666 0.149099 -0.01758 0.149082 0.988822 0.002255 0.0177197 -0.000391421 -0.999843 6.23459 0.0885543 0.00692543  \n",
      "2.37876325716\n",
      "RT -0.988666 0.149099 -0.01758 0.149082 0.988822 0.002255 0.0177197 -0.000391421 -0.999843 6.23459 0.0885543 0.00692543  \n",
      "-18.1685907389\n",
      "RT -0.988666 0.149099 -0.01758 0.149082 0.988822 0.002255 0.0177197 -0.000391421 -0.999843 6.23459 0.0885543 0.00692543  \n",
      "124.149878338\n",
      "RT -0.988666 0.149099 -0.01758 0.149082 0.988822 0.002255 0.0177197 -0.000391421 -0.999843 6.23459 0.0885543 0.00692543  \n",
      "103.725148166\n",
      "RT -0.988666 0.149099 -0.01758 0.149082 0.988822 0.002255 0.0177197 -0.000391421 -0.999843 6.23459 0.0885543 0.00692543  \n",
      "61.2769719009\n",
      "RT -0.988666 0.149099 -0.01758 0.149082 0.988822 0.002255 0.0177197 -0.000391421 -0.999843 6.23459 0.0885543 0.00692543  \n",
      "15.3469840327\n",
      "RT -0.988666 0.149099 -0.01758 0.149082 0.988822 0.002255 0.0177197 -0.000391421 -0.999843 6.23459 0.0885543 0.00692543  \n",
      "133.977134903\n",
      "RT -0.988666 0.149099 -0.01758 0.149082 0.988822 0.002255 0.0177197 -0.000391421 -0.999843 6.23459 0.0885543 0.00692543  \n",
      "-2.4954174647\n",
      "RT -0.988666 0.149099 -0.01758 0.149082 0.988822 0.002255 0.0177197 -0.000391421 -0.999843 6.23459 0.0885543 0.00692543  \n",
      "-3.60826248348\n",
      "RT -0.988666 0.149099 -0.01758 0.149082 0.988822 0.002255 0.0177197 -0.000391421 -0.999843 6.23459 0.0885543 0.00692543  \n",
      "-29.3859950704\n",
      "RT -0.988666 0.149099 -0.01758 0.149082 0.988822 0.002255 0.0177197 -0.000391421 -0.999843 6.23459 0.0885543 0.00692543  \n",
      "-20.1052591612\n",
      "RT -0.988666 0.149099 -0.01758 0.149082 0.988822 0.002255 0.0177197 -0.000391421 -0.999843 6.23459 0.0885543 0.00692543  \n",
      "2.71936247268\n",
      "RT -0.988666 0.149099 -0.01758 0.149082 0.988822 0.002255 0.0177197 -0.000391421 -0.999843 6.23459 0.0885543 0.00692543  \n",
      "91.3273830231\n",
      "RT -0.988666 0.149099 -0.01758 0.149082 0.988822 0.002255 0.0177197 -0.000391421 -0.999843 6.23459 0.0885543 0.00692543  \n",
      "-20.0718115399\n",
      "RT -0.988666 0.149099 -0.01758 0.149082 0.988822 0.002255 0.0177197 -0.000391421 -0.999843 6.23459 0.0885543 0.00692543  \n",
      "39.8372233618\n",
      "RT -0.988666 0.149099 -0.01758 0.149082 0.988822 0.002255 0.0177197 -0.000391421 -0.999843 6.23459 0.0885543 0.00692543  \n",
      "-20.4908689761\n",
      "RT -0.988666 0.149099 -0.01758 0.149082 0.988822 0.002255 0.0177197 -0.000391421 -0.999843 6.23459 0.0885543 0.00692543  \n",
      "91.3407370851\n",
      "RT -0.988666 0.149099 -0.01758 0.149082 0.988822 0.002255 0.0177197 -0.000391421 -0.999843 6.23459 0.0885543 0.00692543  \n",
      "-15.9971231067\n",
      "RT -0.988666 0.149099 -0.01758 0.149082 0.988822 0.002255 0.0177197 -0.000391421 -0.999843 6.23459 0.0885543 0.00692543  \n",
      "50.2167587229\n",
      "RT -0.988666 0.149099 -0.01758 0.149082 0.988822 0.002255 0.0177197 -0.000391421 -0.999843 6.23459 0.0885543 0.00692543  \n",
      "247.341087044\n",
      "RT -0.988666 0.149099 -0.01758 0.149082 0.988822 0.002255 0.0177197 -0.000391421 -0.999843 6.23459 0.0885543 0.00692543  \n",
      "13.9730422192\n",
      "RT -0.988666 0.149099 -0.01758 0.149082 0.988822 0.002255 0.0177197 -0.000391421 -0.999843 6.23459 0.0885543 0.00692543  \n",
      "-29.7800810791\n",
      "RT -0.988666 0.149099 -0.01758 0.149082 0.988822 0.002255 0.0177197 -0.000391421 -0.999843 6.23459 0.0885543 0.00692543  \n",
      "-22.27578246\n",
      "RT -0.988666 0.149099 -0.01758 0.149082 0.988822 0.002255 0.0177197 -0.000391421 -0.999843 6.23459 0.0885543 0.00692543  \n",
      "-3.69136694848\n",
      "RT -0.988666 0.149099 -0.01758 0.149082 0.988822 0.002255 0.0177197 -0.000391421 -0.999843 6.23459 0.0885543 0.00692543  \n",
      "-10.0454122316\n",
      "RT -0.988666 0.149099 -0.01758 0.149082 0.988822 0.002255 0.0177197 -0.000391421 -0.999843 6.23459 0.0885543 0.00692543  \n",
      "-25.105570612\n",
      "RT -0.988666 0.149099 -0.01758 0.149082 0.988822 0.002255 0.0177197 -0.000391421 -0.999843 6.23459 0.0885543 0.00692543  \n",
      "-10.8350034745\n",
      "RT -0.988666 0.149099 -0.01758 0.149082 0.988822 0.002255 0.0177197 -0.000391421 -0.999843 6.23459 0.0885543 0.00692543  \n",
      "1.88032654265\n",
      "RT -0.988666 0.149099 -0.01758 0.149082 0.988822 0.002255 0.0177197 -0.000391421 -0.999843 6.23459 0.0885543 0.00692543  \n",
      "1.99001447442\n",
      "RT -0.988666 0.149099 -0.01758 0.149082 0.988822 0.002255 0.0177197 -0.000391421 -0.999843 6.23459 0.0885543 0.00692543  \n",
      "108.24475663\n",
      "RT -0.988666 0.149099 -0.01758 0.149082 0.988822 0.002255 0.0177197 -0.000391421 -0.999843 6.23459 0.0885543 0.00692543  \n",
      "-19.1422662361\n",
      "RT -0.988666 0.149099 -0.01758 0.149082 0.988822 0.002255 0.0177197 -0.000391421 -0.999843 6.23459 0.0885543 0.00692543  \n",
      "-3.78571809147\n",
      "RT -0.988666 0.149099 -0.01758 0.149082 0.988822 0.002255 0.0177197 -0.000391421 -0.999843 6.23459 0.0885543 0.00692543  \n",
      "-27.6251543122\n",
      "RT -0.988666 0.149099 -0.01758 0.149082 0.988822 0.002255 0.0177197 -0.000391421 -0.999843 6.23459 0.0885543 0.00692543  \n",
      "111.748610484\n",
      "RT -0.988666 0.149099 -0.01758 0.149082 0.988822 0.002255 0.0177197 -0.000391421 -0.999843 6.23459 0.0885543 0.00692543  \n",
      "0.864421968851\n",
      "RT -0.988666 0.149099 -0.01758 0.149082 0.988822 0.002255 0.0177197 -0.000391421 -0.999843 6.23459 0.0885543 0.00692543  \n",
      "7.28208699196\n",
      "RT -0.988666 0.149099 -0.01758 0.149082 0.988822 0.002255 0.0177197 -0.000391421 -0.999843 6.23459 0.0885543 0.00692543  \n",
      "-21.7686693205\n",
      "RT -0.988666 0.149099 -0.01758 0.149082 0.988822 0.002255 0.0177197 -0.000391421 -0.999843 6.23459 0.0885543 0.00692543  \n",
      "-24.1393106403\n",
      "RT -0.988666 0.149099 -0.01758 0.149082 0.988822 0.002255 0.0177197 -0.000391421 -0.999843 6.23459 0.0885543 0.00692543  \n",
      "-27.8342829106\n",
      "RT -0.988666 0.149099 -0.01758 0.149082 0.988822 0.002255 0.0177197 -0.000391421 -0.999843 6.23459 0.0885543 0.00692543  \n",
      "-27.6706720168\n",
      "RT -0.988666 0.149099 -0.01758 0.149082 0.988822 0.002255 0.0177197 -0.000391421 -0.999843 6.23459 0.0885543 0.00692543  \n",
      "-20.8237022579\n",
      "RT -0.988666 0.149099 -0.01758 0.149082 0.988822 0.002255 0.0177197 -0.000391421 -0.999843 6.23459 0.0885543 0.00692543  \n",
      "16.5756665776\n",
      "RT -0.988666 0.149099 -0.01758 0.149082 0.988822 0.002255 0.0177197 -0.000391421 -0.999843 6.23459 0.0885543 0.00692543  \n",
      "-13.5357360955\n",
      "RT -0.988666 0.149099 -0.01758 0.149082 0.988822 0.002255 0.0177197 -0.000391421 -0.999843 6.23459 0.0885543 0.00692543  \n",
      "76.684286699\n",
      "RT -0.988666 0.149099 -0.01758 0.149082 0.988822 0.002255 0.0177197 -0.000391421 -0.999843 6.23459 0.0885543 0.00692543  \n",
      "-25.1227018031\n",
      "RT -0.988666 0.149099 -0.01758 0.149082 0.988822 0.002255 0.0177197 -0.000391421 -0.999843 6.23459 0.0885543 0.00692543  \n",
      "50.9146514297\n",
      "RT -0.988666 0.149099 -0.01758 0.149082 0.988822 0.002255 0.0177197 -0.000391421 -0.999843 6.23459 0.0885543 0.00692543  \n",
      "89.3379138377\n",
      "RT -0.988666 0.149099 -0.01758 0.149082 0.988822 0.002255 0.0177197 -0.000391421 -0.999843 6.23459 0.0885543 0.00692543  \n",
      "-29.151853296\n",
      "RT -0.988666 0.149099 -0.01758 0.149082 0.988822 0.002255 0.0177197 -0.000391421 -0.999843 6.23459 0.0885543 0.00692543  \n",
      "135.902196699\n",
      "RT -0.988666 0.149099 -0.01758 0.149082 0.988822 0.002255 0.0177197 -0.000391421 -0.999843 6.23459 0.0885543 0.00692543  \n",
      "37.6504838594\n",
      "RT -0.988666 0.149099 -0.01758 0.149082 0.988822 0.002255 0.0177197 -0.000391421 -0.999843 6.23459 0.0885543 0.00692543  \n",
      "-27.9155616367\n",
      "RT -0.988666 0.149099 -0.01758 0.149082 0.988822 0.002255 0.0177197 -0.000391421 -0.999843 6.23459 0.0885543 0.00692543  \n",
      "-26.2836803297\n",
      "RT -0.988666 0.149099 -0.01758 0.149082 0.988822 0.002255 0.0177197 -0.000391421 -0.999843 6.23459 0.0885543 0.00692543  \n",
      "-17.8015225015\n",
      "RT -0.988666 0.149099 -0.01758 0.149082 0.988822 0.002255 0.0177197 -0.000391421 -0.999843 6.23459 0.0885543 0.00692543  \n",
      "-25.4006407005\n",
      "RT -0.988666 0.149099 -0.01758 0.149082 0.988822 0.002255 0.0177197 -0.000391421 -0.999843 6.23459 0.0885543 0.00692543  \n",
      "-6.62935555807\n",
      "RT -0.988666 0.149099 -0.01758 0.149082 0.988822 0.002255 0.0177197 -0.000391421 -0.999843 6.23459 0.0885543 0.00692543  \n",
      "-16.2659456362\n",
      "RT -0.988666 0.149099 -0.01758 0.149082 0.988822 0.002255 0.0177197 -0.000391421 -0.999843 6.23459 0.0885543 0.00692543  \n",
      "-12.6238695696\n",
      "RT -0.988666 0.149099 -0.01758 0.149082 0.988822 0.002255 0.0177197 -0.000391421 -0.999843 6.23459 0.0885543 0.00692543  \n",
      "42.6661562173\n",
      "RT -0.988666 0.149099 -0.01758 0.149082 0.988822 0.002255 0.0177197 -0.000391421 -0.999843 6.23459 0.0885543 0.00692543  \n",
      "-29.0222393034\n",
      "RT -0.988666 0.149099 -0.01758 0.149082 0.988822 0.002255 0.0177197 -0.000391421 -0.999843 6.23459 0.0885543 0.00692543  \n",
      "-11.7839359179\n",
      "RT -0.988666 0.149099 -0.01758 0.149082 0.988822 0.002255 0.0177197 -0.000391421 -0.999843 6.23459 0.0885543 0.00692543  \n",
      "6.65751585609\n",
      "RT -0.988666 0.149099 -0.01758 0.149082 0.988822 0.002255 0.0177197 -0.000391421 -0.999843 6.23459 0.0885543 0.00692543  \n",
      "122.090004052\n",
      "RT -0.988666 0.149099 -0.01758 0.149082 0.988822 0.002255 0.0177197 -0.000391421 -0.999843 6.23459 0.0885543 0.00692543  \n",
      "-9.56039101067\n",
      "RT -0.988666 0.149099 -0.01758 0.149082 0.988822 0.002255 0.0177197 -0.000391421 -0.999843 6.23459 0.0885543 0.00692543  \n",
      "-22.4648654373\n",
      "RT -0.988666 0.149099 -0.01758 0.149082 0.988822 0.002255 0.0177197 -0.000391421 -0.999843 6.23459 0.0885543 0.00692543  \n",
      "-16.6938567641\n",
      "RT -0.988666 0.149099 -0.01758 0.149082 0.988822 0.002255 0.0177197 -0.000391421 -0.999843 6.23459 0.0885543 0.00692543  \n",
      "-27.7842942284\n",
      "RT -0.988666 0.149099 -0.01758 0.149082 0.988822 0.002255 0.0177197 -0.000391421 -0.999843 6.23459 0.0885543 0.00692543  \n",
      "-27.1230836275\n",
      "RT -0.988666 0.149099 -0.01758 0.149082 0.988822 0.002255 0.0177197 -0.000391421 -0.999843 6.23459 0.0885543 0.00692543  \n",
      "46.4501604266\n",
      "RT -0.988666 0.149099 -0.01758 0.149082 0.988822 0.002255 0.0177197 -0.000391421 -0.999843 6.23459 0.0885543 0.00692543  \n",
      "-7.05900364945\n",
      "RT -0.988666 0.149099 -0.01758 0.149082 0.988822 0.002255 0.0177197 -0.000391421 -0.999843 6.23459 0.0885543 0.00692543  \n",
      "54.6330650904\n",
      "RT -0.988666 0.149099 -0.01758 0.149082 0.988822 0.002255 0.0177197 -0.000391421 -0.999843 6.23459 0.0885543 0.00692543  \n",
      "-22.9097516087\n",
      "RT -0.988666 0.149099 -0.01758 0.149082 0.988822 0.002255 0.0177197 -0.000391421 -0.999843 6.23459 0.0885543 0.00692543  \n",
      "-2.04619577446\n",
      "RT -0.988666 0.149099 -0.01758 0.149082 0.988822 0.002255 0.0177197 -0.000391421 -0.999843 6.23459 0.0885543 0.00692543  \n",
      "-6.15811301062\n",
      "RT -0.988666 0.149099 -0.01758 0.149082 0.988822 0.002255 0.0177197 -0.000391421 -0.999843 6.23459 0.0885543 0.00692543  \n",
      "-3.64420824817\n",
      "RT -0.988666 0.149099 -0.01758 0.149082 0.988822 0.002255 0.0177197 -0.000391421 -0.999843 6.23459 0.0885543 0.00692543  \n",
      "-12.7798965162\n",
      "RT -0.988666 0.149099 -0.01758 0.149082 0.988822 0.002255 0.0177197 -0.000391421 -0.999843 6.23459 0.0885543 0.00692543  \n",
      "24.5998108364\n",
      "RT -0.988666 0.149099 -0.01758 0.149082 0.988822 0.002255 0.0177197 -0.000391421 -0.999843 6.23459 0.0885543 0.00692543  \n",
      "-1.77743183365\n",
      "RT -0.988666 0.149099 -0.01758 0.149082 0.988822 0.002255 0.0177197 -0.000391421 -0.999843 6.23459 0.0885543 0.00692543  \n",
      "-11.4619050309\n",
      "RT -0.988666 0.149099 -0.01758 0.149082 0.988822 0.002255 0.0177197 -0.000391421 -0.999843 6.23459 0.0885543 0.00692543  \n",
      "36.0644859563\n",
      "RT -0.988666 0.149099 -0.01758 0.149082 0.988822 0.002255 0.0177197 -0.000391421 -0.999843 6.23459 0.0885543 0.00692543  \n",
      "19.3256337308\n",
      "RT -0.988666 0.149099 -0.01758 0.149082 0.988822 0.002255 0.0177197 -0.000391421 -0.999843 6.23459 0.0885543 0.00692543  \n",
      "30.2259080798\n",
      "RT -0.988666 0.149099 -0.01758 0.149082 0.988822 0.002255 0.0177197 -0.000391421 -0.999843 6.23459 0.0885543 0.00692543  \n",
      "78.3596274863\n",
      "RT -0.988666 0.149099 -0.01758 0.149082 0.988822 0.002255 0.0177197 -0.000391421 -0.999843 6.23459 0.0885543 0.00692543  \n",
      "116.881055205\n",
      "RT -0.988666 0.149099 -0.01758 0.149082 0.988822 0.002255 0.0177197 -0.000391421 -0.999843 6.23459 0.0885543 0.00692543  \n",
      "-31.1755555602\n",
      "RT -0.988666 0.149099 -0.01758 0.149082 0.988822 0.002255 0.0177197 -0.000391421 -0.999843 6.23459 0.0885543 0.00692543  \n",
      "-30.5560906102\n",
      "RT -0.988666 0.149099 -0.01758 0.149082 0.988822 0.002255 0.0177197 -0.000391421 -0.999843 6.23459 0.0885543 0.00692543  \n",
      "-0.630919646857\n",
      "RT -0.988666 0.149099 -0.01758 0.149082 0.988822 0.002255 0.0177197 -0.000391421 -0.999843 6.23459 0.0885543 0.00692543  \n",
      "77.4675734193\n",
      "RT -0.988666 0.149099 -0.01758 0.149082 0.988822 0.002255 0.0177197 -0.000391421 -0.999843 6.23459 0.0885543 0.00692543  \n",
      "9.89836468025\n",
      "RT -0.988666 0.149099 -0.01758 0.149082 0.988822 0.002255 0.0177197 -0.000391421 -0.999843 6.23459 0.0885543 0.00692543  \n",
      "0.184006104134\n",
      "RT -0.988666 0.149099 -0.01758 0.149082 0.988822 0.002255 0.0177197 -0.000391421 -0.999843 6.23459 0.0885543 0.00692543  \n",
      "-29.4420897941\n",
      "RT -0.988666 0.149099 -0.01758 0.149082 0.988822 0.002255 0.0177197 -0.000391421 -0.999843 6.23459 0.0885543 0.00692543  \n",
      "-26.0477090151\n",
      "RT -0.988666 0.149099 -0.01758 0.149082 0.988822 0.002255 0.0177197 -0.000391421 -0.999843 6.23459 0.0885543 0.00692543  \n",
      "-7.01923154066\n",
      "RT -0.988666 0.149099 -0.01758 0.149082 0.988822 0.002255 0.0177197 -0.000391421 -0.999843 6.23459 0.0885543 0.00692543  \n"
     ]
    },
    {
     "name": "stdout",
     "output_type": "stream",
     "text": [
      "-3.64843482446\n",
      "RT -0.988666 0.149099 -0.01758 0.149082 0.988822 0.002255 0.0177197 -0.000391421 -0.999843 6.23459 0.0885543 0.00692543  \n",
      "-18.5814769289\n",
      "RT -0.988666 0.149099 -0.01758 0.149082 0.988822 0.002255 0.0177197 -0.000391421 -0.999843 6.23459 0.0885543 0.00692543  \n",
      "-26.8346634688\n",
      "RT -0.988666 0.149099 -0.01758 0.149082 0.988822 0.002255 0.0177197 -0.000391421 -0.999843 6.23459 0.0885543 0.00692543  \n",
      "-28.1289533618\n",
      "RT -0.988666 0.149099 -0.01758 0.149082 0.988822 0.002255 0.0177197 -0.000391421 -0.999843 6.23459 0.0885543 0.00692543  \n",
      "-27.1588222346\n",
      "RT -0.988666 0.149099 -0.01758 0.149082 0.988822 0.002255 0.0177197 -0.000391421 -0.999843 6.23459 0.0885543 0.00692543  \n",
      "-4.94609937593\n",
      "RT -0.988666 0.149099 -0.01758 0.149082 0.988822 0.002255 0.0177197 -0.000391421 -0.999843 6.23459 0.0885543 0.00692543  \n",
      "1.90642738008\n",
      "RT -0.988666 0.149099 -0.01758 0.149082 0.988822 0.002255 0.0177197 -0.000391421 -0.999843 6.23459 0.0885543 0.00692543  \n",
      "42.8876634133\n",
      "RT -0.988666 0.149099 -0.01758 0.149082 0.988822 0.002255 0.0177197 -0.000391421 -0.999843 6.23459 0.0885543 0.00692543  \n",
      "-10.9893856357\n",
      "RT -0.988666 0.149099 -0.01758 0.149082 0.988822 0.002255 0.0177197 -0.000391421 -0.999843 6.23459 0.0885543 0.00692543  \n",
      "117.804244383\n",
      "RT -0.988666 0.149099 -0.01758 0.149082 0.988822 0.002255 0.0177197 -0.000391421 -0.999843 6.23459 0.0885543 0.00692543  \n",
      "-4.96665240767\n",
      "RT -0.988666 0.149099 -0.01758 0.149082 0.988822 0.002255 0.0177197 -0.000391421 -0.999843 6.23459 0.0885543 0.00692543  \n",
      "107.540775766\n",
      "RT -0.988666 0.149099 -0.01758 0.149082 0.988822 0.002255 0.0177197 -0.000391421 -0.999843 6.23459 0.0885543 0.00692543  \n",
      "18.4492004079\n",
      "RT -0.988666 0.149099 -0.01758 0.149082 0.988822 0.002255 0.0177197 -0.000391421 -0.999843 6.23459 0.0885543 0.00692543  \n",
      "-27.1772834005\n",
      "RT -0.988666 0.149099 -0.01758 0.149082 0.988822 0.002255 0.0177197 -0.000391421 -0.999843 6.23459 0.0885543 0.00692543  \n",
      "13.3533233081\n",
      "RT -0.988666 0.149099 -0.01758 0.149082 0.988822 0.002255 0.0177197 -0.000391421 -0.999843 6.23459 0.0885543 0.00692543  \n",
      "-29.3422052653\n",
      "RT -0.988666 0.149099 -0.01758 0.149082 0.988822 0.002255 0.0177197 -0.000391421 -0.999843 6.23459 0.0885543 0.00692543  \n",
      "45.537115589\n",
      "RT -0.988666 0.149099 -0.01758 0.149082 0.988822 0.002255 0.0177197 -0.000391421 -0.999843 6.23459 0.0885543 0.00692543  \n",
      "-19.7280374382\n",
      "RT -0.988666 0.149099 -0.01758 0.149082 0.988822 0.002255 0.0177197 -0.000391421 -0.999843 6.23459 0.0885543 0.00692543  \n",
      "-28.6063762513\n",
      "RT -0.988666 0.149099 -0.01758 0.149082 0.988822 0.002255 0.0177197 -0.000391421 -0.999843 6.23459 0.0885543 0.00692543  \n",
      "66.3387601476\n",
      "RT -0.988666 0.149099 -0.01758 0.149082 0.988822 0.002255 0.0177197 -0.000391421 -0.999843 6.23459 0.0885543 0.00692543  \n",
      "24.269276593\n",
      "RT -0.988666 0.149099 -0.01758 0.149082 0.988822 0.002255 0.0177197 -0.000391421 -0.999843 6.23459 0.0885543 0.00692543  \n",
      "-25.2250357075\n",
      "RT -0.988666 0.149099 -0.01758 0.149082 0.988822 0.002255 0.0177197 -0.000391421 -0.999843 6.23459 0.0885543 0.00692543  \n",
      "0.119191244874\n",
      "RT -0.988666 0.149099 -0.01758 0.149082 0.988822 0.002255 0.0177197 -0.000391421 -0.999843 6.23459 0.0885543 0.00692543  \n",
      "284.305179768\n",
      "RT -0.988666 0.149099 -0.01758 0.149082 0.988822 0.002255 0.0177197 -0.000391421 -0.999843 6.23459 0.0885543 0.00692543  \n",
      "6.21357074281\n",
      "RT -0.988666 0.149099 -0.01758 0.149082 0.988822 0.002255 0.0177197 -0.000391421 -0.999843 6.23459 0.0885543 0.00692543  \n",
      "-15.4649961585\n",
      "RT -0.988666 0.149099 -0.01758 0.149082 0.988822 0.002255 0.0177197 -0.000391421 -0.999843 6.23459 0.0885543 0.00692543  \n",
      "-4.82343857822\n",
      "RT -0.988666 0.149099 -0.01758 0.149082 0.988822 0.002255 0.0177197 -0.000391421 -0.999843 6.23459 0.0885543 0.00692543  \n",
      "-8.70993257204\n",
      "RT -0.988666 0.149099 -0.01758 0.149082 0.988822 0.002255 0.0177197 -0.000391421 -0.999843 6.23459 0.0885543 0.00692543  \n",
      "124.009717899\n",
      "RT -0.988666 0.149099 -0.01758 0.149082 0.988822 0.002255 0.0177197 -0.000391421 -0.999843 6.23459 0.0885543 0.00692543  \n",
      "62.9287303883\n",
      "RT -0.988666 0.149099 -0.01758 0.149082 0.988822 0.002255 0.0177197 -0.000391421 -0.999843 6.23459 0.0885543 0.00692543  \n",
      "100.734629212\n",
      "RT -0.988666 0.149099 -0.01758 0.149082 0.988822 0.002255 0.0177197 -0.000391421 -0.999843 6.23459 0.0885543 0.00692543  \n",
      "-2.48780827182\n",
      "RT -0.988666 0.149099 -0.01758 0.149082 0.988822 0.002255 0.0177197 -0.000391421 -0.999843 6.23459 0.0885543 0.00692543  \n",
      "34.3505044939\n",
      "RT -0.988666 0.149099 -0.01758 0.149082 0.988822 0.002255 0.0177197 -0.000391421 -0.999843 6.23459 0.0885543 0.00692543  \n",
      "-3.48876661611\n",
      "RT -0.988666 0.149099 -0.01758 0.149082 0.988822 0.002255 0.0177197 -0.000391421 -0.999843 6.23459 0.0885543 0.00692543  \n",
      "37.4107711786\n",
      "RT -0.988666 0.149099 -0.01758 0.149082 0.988822 0.002255 0.0177197 -0.000391421 -0.999843 6.23459 0.0885543 0.00692543  \n",
      "60.486697053\n",
      "RT -0.988666 0.149099 -0.01758 0.149082 0.988822 0.002255 0.0177197 -0.000391421 -0.999843 6.23459 0.0885543 0.00692543  \n",
      "69.3602207392\n",
      "RT -0.988666 0.149099 -0.01758 0.149082 0.988822 0.002255 0.0177197 -0.000391421 -0.999843 6.23459 0.0885543 0.00692543  \n",
      "51.8244346468\n",
      "RT -0.988666 0.149099 -0.01758 0.149082 0.988822 0.002255 0.0177197 -0.000391421 -0.999843 6.23459 0.0885543 0.00692543  \n",
      "-24.063582832\n",
      "RT -0.988666 0.149099 -0.01758 0.149082 0.988822 0.002255 0.0177197 -0.000391421 -0.999843 6.23459 0.0885543 0.00692543  \n",
      "-9.06449563286\n",
      "RT -0.988666 0.149099 -0.01758 0.149082 0.988822 0.002255 0.0177197 -0.000391421 -0.999843 6.23459 0.0885543 0.00692543  \n",
      "38.6426855209\n",
      "RT -0.988666 0.149099 -0.01758 0.149082 0.988822 0.002255 0.0177197 -0.000391421 -0.999843 6.23459 0.0885543 0.00692543  \n",
      "-23.0499169541\n",
      "RT -0.988666 0.149099 -0.01758 0.149082 0.988822 0.002255 0.0177197 -0.000391421 -0.999843 6.23459 0.0885543 0.00692543  \n",
      "32.9473112592\n",
      "RT -0.988666 0.149099 -0.01758 0.149082 0.988822 0.002255 0.0177197 -0.000391421 -0.999843 6.23459 0.0885543 0.00692543  \n",
      "25.1641102803\n",
      "RT -0.988666 0.149099 -0.01758 0.149082 0.988822 0.002255 0.0177197 -0.000391421 -0.999843 6.23459 0.0885543 0.00692543  \n",
      "-21.0657048519\n",
      "RT -0.988666 0.149099 -0.01758 0.149082 0.988822 0.002255 0.0177197 -0.000391421 -0.999843 6.23459 0.0885543 0.00692543  \n",
      "-24.7696992245\n",
      "RT -0.988666 0.149099 -0.01758 0.149082 0.988822 0.002255 0.0177197 -0.000391421 -0.999843 6.23459 0.0885543 0.00692543  \n",
      "41.9247764745\n",
      "RT -0.988666 0.149099 -0.01758 0.149082 0.988822 0.002255 0.0177197 -0.000391421 -0.999843 6.23459 0.0885543 0.00692543  \n",
      "61.5489784626\n",
      "RT -0.988666 0.149099 -0.01758 0.149082 0.988822 0.002255 0.0177197 -0.000391421 -0.999843 6.23459 0.0885543 0.00692543  \n",
      "51.2217018618\n",
      "RT -0.988666 0.149099 -0.01758 0.149082 0.988822 0.002255 0.0177197 -0.000391421 -0.999843 6.23459 0.0885543 0.00692543  \n",
      "21.5513857203\n",
      "RT -0.988666 0.149099 -0.01758 0.149082 0.988822 0.002255 0.0177197 -0.000391421 -0.999843 6.23459 0.0885543 0.00692543  \n",
      "-12.9570158008\n",
      "RT -0.988666 0.149099 -0.01758 0.149082 0.988822 0.002255 0.0177197 -0.000391421 -0.999843 6.23459 0.0885543 0.00692543  \n",
      "-25.056080404\n",
      "RT -0.988666 0.149099 -0.01758 0.149082 0.988822 0.002255 0.0177197 -0.000391421 -0.999843 6.23459 0.0885543 0.00692543  \n",
      "2.99073161881\n",
      "RT -0.988666 0.149099 -0.01758 0.149082 0.988822 0.002255 0.0177197 -0.000391421 -0.999843 6.23459 0.0885543 0.00692543  \n",
      "-22.1473496932\n",
      "RT -0.988666 0.149099 -0.01758 0.149082 0.988822 0.002255 0.0177197 -0.000391421 -0.999843 6.23459 0.0885543 0.00692543  \n",
      "-27.1781526229\n",
      "RT -0.988666 0.149099 -0.01758 0.149082 0.988822 0.002255 0.0177197 -0.000391421 -0.999843 6.23459 0.0885543 0.00692543  \n",
      "-14.5966046498\n",
      "RT -0.988666 0.149099 -0.01758 0.149082 0.988822 0.002255 0.0177197 -0.000391421 -0.999843 6.23459 0.0885543 0.00692543  \n",
      "-29.1822095044\n",
      "RT -0.988666 0.149099 -0.01758 0.149082 0.988822 0.002255 0.0177197 -0.000391421 -0.999843 6.23459 0.0885543 0.00692543  \n",
      "17.5035450262\n",
      "RT -0.988666 0.149099 -0.01758 0.149082 0.988822 0.002255 0.0177197 -0.000391421 -0.999843 6.23459 0.0885543 0.00692543  \n",
      "11.915936983\n",
      "RT -0.988666 0.149099 -0.01758 0.149082 0.988822 0.002255 0.0177197 -0.000391421 -0.999843 6.23459 0.0885543 0.00692543  \n",
      "53.1805043796\n",
      "RT -0.988666 0.149099 -0.01758 0.149082 0.988822 0.002255 0.0177197 -0.000391421 -0.999843 6.23459 0.0885543 0.00692543  \n",
      "158.468785048\n"
     ]
    },
    {
     "name": "stdout",
     "output_type": "stream",
     "text": [
      "RT -0.988666 0.149099 -0.01758 0.149082 0.988822 0.002255 0.0177197 -0.000391421 -0.999843 6.23459 0.0885543 0.00692543  \n",
      "21.3906720331\n",
      "RT -0.988666 0.149099 -0.01758 0.149082 0.988822 0.002255 0.0177197 -0.000391421 -0.999843 6.23459 0.0885543 0.00692543  \n",
      "81.6429694266\n",
      "RT -0.988666 0.149099 -0.01758 0.149082 0.988822 0.002255 0.0177197 -0.000391421 -0.999843 6.23459 0.0885543 0.00692543  \n",
      "-8.83912865253\n",
      "RT -0.988666 0.149099 -0.01758 0.149082 0.988822 0.002255 0.0177197 -0.000391421 -0.999843 6.23459 0.0885543 0.00692543  \n",
      "33.0985413248\n",
      "RT -0.988666 0.149099 -0.01758 0.149082 0.988822 0.002255 0.0177197 -0.000391421 -0.999843 6.23459 0.0885543 0.00692543  \n",
      "-21.6330332478\n",
      "RT -0.988666 0.149099 -0.01758 0.149082 0.988822 0.002255 0.0177197 -0.000391421 -0.999843 6.23459 0.0885543 0.00692543  \n",
      "52.2097219486\n",
      "RT -0.988666 0.149099 -0.01758 0.149082 0.988822 0.002255 0.0177197 -0.000391421 -0.999843 6.23459 0.0885543 0.00692543  \n",
      "230.605055609\n",
      "RT -0.988666 0.149099 -0.01758 0.149082 0.988822 0.002255 0.0177197 -0.000391421 -0.999843 6.23459 0.0885543 0.00692543  \n",
      "-12.0308932953\n",
      "RT -0.988666 0.149099 -0.01758 0.149082 0.988822 0.002255 0.0177197 -0.000391421 -0.999843 6.23459 0.0885543 0.00692543  \n",
